256 4
0 0 0 0 370.6397175900748 0.00000000000000014817580832671217
1 0 0 0 85.76900828018827 0.0000000000000032664546437337615
2 0 0 0 -0.0015238598350637831 0.00000000001579969367305041
3 0 0 0 -0.05933785078038207 0.000000000011199451407425393
0 1 0 0 85.76900828018827 0.0000000000000032664546437337615
1 1 0 0 21.537596347804094 0.0000000000000024490299633933454
2 1 0 0 -0.010533494222731619 0.000000000021513492445789108
3 1 0 0 -0.016507828808492303 -0.000000000004981006304101084
0 2 0 0 -0.0015238598350637831 0.00000000001579969367305041
1 2 0 0 -0.010533494222731619 0.000000000021513492445789108
2 2 0 0 57.08578311280216 0.000000000000004299084094266283
3 2 0 0 0.009257933978409053 0.00000000000000507792216638574
0 3 0 0 -0.05933785078038207 0.000000000011199451407425393
1 3 0 0 -0.016507828808492303 -0.000000000004981006304101084
2 3 0 0 0.009257933978409053 0.00000000000000507792216638574
3 3 0 0 18.899052018132046 -0.000000000000004436831070873124
0 0 1 0 85.76900828018827 0.0000000000000032664546437337615
1 0 1 0 21.53759634777389 -0.000000000000002483760757534964
2 0 1 0 -0.010533494222731667 0.0000000000014190414286450186
3 0 1 0 -0.016507828808465515 0.000000000000689497338329803
0 1 1 0 2.2945866933152885 -0.0000000000000006510876704678455
1 1 1 0 2.021551322779073 0.0000000000000006485890711594663
2 1 1 0 -0.007070443926522268 -0.0000000000006126507217537719
3 1 1 0 -0.0018976325156342723 -0.00000000000036266963236234916
0 2 1 0 -0.02516379982954012 -0.00000000012842572452971362
1 2 1 0 -0.005586547386754062 -0.000000000020245162551594974
2 2 1 0 -6.207935325952801 0.000000000000004738476652476771
3 2 1 0 0.0000008512321660187787 0.000000000000001192817563493743
0 3 1 0 -0.04701320122585215 -0.000000000007002614746672288
1 3 1 0 -0.006556470449636899 -0.00000000000927713545610617
2 3 1 0 0.0033562621865134644 -0.000000000000003441019779544697
3 3 1 0 -10.362221013648487 0.0000000000000040112995763538
0 0 2 0 -0.0015238598350637831 0.00000000001579969367305041
1 0 2 0 -0.010533494222731667 0.0000000000014190414286450186
2 0 2 0 57.085783112712 0.0000000000000022751745936010497
3 0 2 0 0.009257933978268296 -0.000000000000004122181295327895
0 1 2 0 -0.02516379982954012 -0.00000000012842572452971362
1 1 2 0 -0.005586547386757187 0.00000000002397710329774863
2 1 2 0 -6.207935326169732 0.0000000000000012543485990795622
3 1 2 0 0.0000008512319792034691 -0.000000000000000874516859927981
0 2 2 0 122.39750640392099 0.000000000000006911952751189148
1 2 2 0 22.866881618738223 -0.00000000000000019179685955928817
2 2 2 0 0.015437725451752458 0.0000000000018355902156161473
3 2 2 0 -0.004453619754350987 0.00000000000006021502628254107
0 3 2 0 0.02247934812879283 0.000000000000010151360505105398
1 3 2 0 0.004518298154454087 -0.000000000000009604421133590282
2 3 2 0 0.0241007279676132 0.00000000014094115634340228
3 3 2 0 -0.000999684911790253 0.0000000000005089186326327347
0 0 3 0 -0.05933785078038207 0.000000000011199451407425393
1 0 3 0 -0.016507828808465515 0.000000000000689497338329803
2 0 3 0 0.009257933978268296 -0.000000000000004122181295327895
3 0 3 0 18.899052018101298 -0.0000000000000005935297409310326
0 1 3 0 -0.04701320122585215 -0.000000000007002614746672288
1 1 3 0 -0.006556470449634994 -0.000000000002547473658364157
2 1 3 0 0.003356262186431542 0.000000000000013774974659321845
3 1 3 0 -10.36222101393107 -0.00000000000000019517979200207895
0 2 3 0 0.02247934812879283 0.000000000000010151360505105398
1 2 3 0 0.004518298154511143 -0.000000000000006697720394797637
2 2 3 0 0.024100727967610085 -0.00000000000020639924924855438
3 2 3 0 -0.000999684911789674 -0.0000000000035013114151312193
0 3 3 0 43.366893485134305 -0.00000000000005910401220464018
1 3 3 0 6.9243222136780185 -0.000000000000004387225906803534
2 3 3 0 -0.0007466748826554101 0.000000000009917179808952507
3 3 3 0 -0.014420047769959322 -0.000000000010242573844883485
0 0 0 1 85.76900828018827 0.0000000000000032664546437337615
1 0 0 1 2.2945866933152885 -0.0000000000000006510876704678455
2 0 0 1 -0.02516379982954012 -0.00000000012842572452971362
3 0 0 1 -0.04701320122585215 -0.000000000007002614746672288
0 1 0 1 21.53759634777389 -0.000000000000002483760757534964
1 1 0 1 2.021551322779073 0.0000000000000006485890711594663
2 1 0 1 -0.005586547386754062 -0.000000000020245162551594974
3 1 0 1 -0.006556470449636899 -0.00000000000927713545610617
0 2 0 1 -0.010533494222731667 0.0000000000014190414286450186
1 2 0 1 -0.007070443926522268 -0.0000000000006126507217537719
2 2 0 1 -6.207935325952801 0.000000000000004738476652476771
3 2 0 1 0.0033562621865134644 -0.000000000000003441019779544697
0 3 0 1 -0.016507828808465515 0.000000000000689497338329803
1 3 0 1 -0.0018976325156342723 -0.00000000000036266963236234916
2 3 0 1 0.0000008512321660187787 0.000000000000001192817563493743
3 3 0 1 -10.362221013648487 0.0000000000000040112995763538
0 0 1 1 21.537596347804094 0.0000000000000024490299633933454
1 0 1 1 2.021551322779073 0.0000000000000006485890711594663
2 0 1 1 -0.005586547386757187 0.00000000002397710329774863
3 0 1 1 -0.006556470449634994 -0.000000000002547473658364157
0 1 1 1 2.021551322779073 0.0000000000000006485890711594663
1 1 1 1 1.48158000102894 0.000000000000000023048753970953015
2 1 1 1 0.004738643447627336 -0.000000000005054607588899324
3 1 1 1 0.001132104385687249 -0.00000000000007584898325319787
0 2 1 1 -0.005586547386757187 0.00000000002397710329774863
1 2 1 1 0.004738643447627336 -0.000000000005054607588899324
2 2 1 1 14.464562687904179 0.000000000000001850190957801997
3 2 1 1 -0.0025145000182046017 0.000000000000026897357395697042
0 3 1 1 -0.006556470449634994 -0.000000000002547473658364157
1 3 1 1 0.001132104385687249 -0.00000000000007584898325319787
2 3 1 1 -0.0025145000182046017 0.000000000000026897357395697042
3 3 1 1 22.417835723268887 0.0000000000000010669434114577569
0 0 2 1 -0.010533494222731619 0.000000000021513492445789108
1 0 2 1 -0.007070443926522268 -0.0000000000006126507217537719
2 0 2 1 -6.207935326169732 0.0000000000000012543485990795622
3 0 2 1 0.003356262186431542 0.000000000000013774974659321845
0 1 2 1 -0.005586547386754062 -0.000000000020245162551594974
1 1 2 1 0.004738643447627336 -0.000000000005054607588899324
2 1 2 1 14.464562687768966 -0.000000000000000991565557236864
3 1 2 1 -0.002514500018110437 -0.00000000000000554803533794113
0 2 2 1 22.866881618738223 -0.00000000000000019179685955928817
1 2 2 1 -3.1913506182198876 0.0000000000000006716031037572482
2 2 2 1 -0.021718045025110804 0.000000000030177335317286565
3 2 2 1 -0.040510364694306286 -0.000000000000015825950189768573
0 3 2 1 0.004518298154511143 -0.000000000000006697720394797637
1 3 2 1 -0.00026453908784127445 0.00000000000000010955080609221365
2 3 2 1 -0.01312971691520024 -0.000000000004498603688342686
3 3 2 1 0.0010936084174136044 -0.000000000027284052678138843
0 0 3 1 -0.016507828808492303 -0.000000000004981006304101084
1 0 3 1 -0.0018976325156342723 -0.00000000000036266963236234916
2 0 3 1 0.0000008512319792034691 -0.000000000000000874516859927981
3 0 3 1 -10.36222101393107 -0.00000000000000019517979200207895
0 1 3 1 -0.006556470449636899 -0.00000000000927713545610617
1 1 3 1 0.001132104385687249 -0.00000000000007584898325319787
2 1 3 1 -0.002514500018110437 -0.00000000000000554803533794113
3 1 3 1 22.417835722358692 0.000000000000006138513642056468
0 2 3 1 0.004518298154454087 -0.000000000000009604421133590282
1 2 3 1 -0.00026453908784127445 0.00000000000000010955080609221365
2 2 3 1 -0.01312971691520077 -0.00000000000002690819918496329
3 2 3 1 0.0010936084174126154 0.0000000000019404689745512048
0 3 3 1 6.9243222136780185 -0.000000000000004387225906803534
1 3 3 1 -2.7873340288556183 0.00000000000000008106556942905022
2 3 3 1 -0.0024948546103823036 -0.0000000000026654978803602942
3 3 3 1 -0.003254475876742838 -0.00000000000009015949314652677
0 0 0 2 -0.0015238598350637831 0.00000000001579969367305041
1 0 0 2 -0.02516379982954012 -0.00000000012842572452971362
2 0 0 2 122.39750640392099 0.000000000000006911952751189148
3 0 0 2 0.02247934812879283 0.000000000000010151360505105398
0 1 0 2 -0.010533494222731667 0.0000000000014190414286450186
1 1 0 2 -0.005586547386757187 0.00000000002397710329774863
2 1 0 2 22.866881618738223 -0.00000000000000019179685955928817
3 1 0 2 0.004518298154454087 -0.000000000000009604421133590282
0 2 0 2 57.085783112712 0.0000000000000022751745936010497
1 2 0 2 -6.207935326169732 0.0000000000000012543485990795622
2 2 0 2 0.015437725451752458 0.0000000000018355902156161473
3 2 0 2 0.0241007279676132 0.00000000014094115634340228
0 3 0 2 0.009257933978268296 -0.000000000000004122181295327895
1 3 0 2 0.0000008512319792034691 -0.000000000000000874516859927981
2 3 0 2 -0.004453619754350987 0.00000000000006021502628254107
3 3 0 2 -0.000999684911790253 0.0000000000005089186326327347
0 0 1 2 -0.010533494222731619 0.000000000021513492445789108
1 0 1 2 -0.005586547386754062 -0.000000000020245162551594974
2 0 1 2 22.866881618738223 -0.00000000000000019179685955928817
3 0 1 2 0.004518298154511143 -0.000000000000006697720394797637
0 1 1 2 -0.007070443926522268 -0.0000000000006126507217537719
1 1 1 2 0.004738643447627336 -0.000000000005054607588899324
2 1 1 2 -3.1913506182198876 0.0000000000000006716031037572482
3 1 1 2 -0.00026453908784127445 0.00000000000000010955080609221365
0 2 1 2 -6.207935326169732 0.0000000000000012543485990795622
1 2 1 2 14.464562687768966 -0.000000000000000991565557236864
2 2 1 2 -0.021718045025110804 0.000000000030177335317286565
3 2 1 2 -0.01312971691520024 -0.000000000004498603688342686
0 3 1 2 0.003356262186431542 0.000000000000013774974659321845
1 3 1 2 -0.002514500018110437 -0.00000000000000554803533794113
2 3 1 2 -0.040510364694306286 -0.000000000000015825950189768573
3 3 1 2 0.0010936084174136044 -0.000000000027284052678138843
0 0 2 2 57.08578311280216 0.000000000000004299084094266283
1 0 2 2 -6.207935325952801 0.000000000000004738476652476771
2 0 2 2 0.015437725451752458 0.0000000000018355902156161473
3 0 2 2 0.024100727967610085 -0.00000000000020639924924855438
0 1 2 2 -6.207935325952801 0.000000000000004738476652476771
1 1 2 2 14.464562687904179 0.000000000000001850190957801997
2 1 2 2 -0.021718045025110804 0.000000000030177335317286565
3 1 2 2 -0.01312971691520077 -0.00000000000002690819918496329
0 2 2 2 0.015437725451752458 0.0000000000018355902156161473
1 2 2 2 -0.021718045025110804 0.000000000030177335317286565
2 2 2 2 71.20588037528462 0.0000000000000041546534555914634
3 2 2 2 0.011634995435745404 -0.000000000000003159215516540629
0 3 2 2 0.024100727967610085 -0.00000000000020639924924855438
1 3 2 2 -0.01312971691520077 -0.00000000000002690819918496329
2 3 2 2 0.011634995435745404 -0.000000000000003159215516540629
3 3 2 2 15.333588000956542 -0.0000000000000014072684378792194
0 0 3 2 0.009257933978409053 0.00000000000000507792216638574
1 0 3 2 0.0000008512321660187787 0.000000000000001192817563493743
2 0 3 2 -0.004453619754350987 0.00000000000006021502628254107
3 0 3 2 -0.000999684911789674 -0.0000000000035013114151312193
0 1 3 2 0.0033562621865134644 -0.000000000000003441019779544697
1 1 3 2 -0.0025145000182046017 0.000000000000026897357395697042
2 1 3 2 -0.040510364694306286 -0.000000000000015825950189768573
3 1 3 2 0.0010936084174126154 0.0000000000019404689745512048
0 2 3 2 0.0241007279676132 0.00000000014094115634340228
1 2 3 2 -0.01312971691520024 -0.000000000004498603688342686
2 2 3 2 0.011634995435745404 -0.000000000000003159215516540629
3 2 3 2 15.333588000929895 0.00000000000000010491606584014173
0 3 3 2 -0.0007466748826554101 0.000000000009917179808952507
1 3 3 2 -0.0024948546103823036 -0.0000000000026654978803602942
2 3 3 2 19.646522962072606 0.00000000000000020435450338964305
3 3 3 2 0.0028910375847848663 -0.000000000000003167044502981539
0 0 0 3 -0.05933785078038207 0.000000000011199451407425393
1 0 0 3 -0.04701320122585215 -0.000000000007002614746672288
2 0 0 3 0.02247934812879283 0.000000000000010151360505105398
3 0 0 3 43.366893485134305 -0.00000000000005910401220464018
0 1 0 3 -0.016507828808465515 0.000000000000689497338329803
1 1 0 3 -0.006556470449634994 -0.000000000002547473658364157
2 1 0 3 0.004518298154511143 -0.000000000000006697720394797637
3 1 0 3 6.9243222136780185 -0.000000000000004387225906803534
0 2 0 3 0.009257933978268296 -0.000000000000004122181295327895
1 2 0 3 0.003356262186431542 0.000000000000013774974659321845
2 2 0 3 0.024100727967610085 -0.00000000000020639924924855438
3 2 0 3 -0.0007466748826554101 0.000000000009917179808952507
0 3 0 3 18.899052018101298 -0.0000000000000005935297409310326
1 3 0 3 -10.36222101393107 -0.00000000000000019517979200207895
2 3 0 3 -0.000999684911789674 -0.0000000000035013114151312193
3 3 0 3 -0.014420047769959322 -0.000000000010242573844883485
0 0 1 3 -0.016507828808492303 -0.000000000004981006304101084
1 0 1 3 -0.006556470449636899 -0.00000000000927713545610617
2 0 1 3 0.004518298154454087 -0.000000000000009604421133590282
3 0 1 3 6.9243222136780185 -0.000000000000004387225906803534
0 1 1 3 -0.0018976325156342723 -0.00000000000036266963236234916
1 1 1 3 0.001132104385687249 -0.00000000000007584898325319787
2 1 1 3 -0.00026453908784127445 0.00000000000000010955080609221365
3 1 1 3 -2.7873340288556183 0.00000000000000008106556942905022
0 2 1 3 0.0000008512319792034691 -0.000000000000000874516859927981
1 2 1 3 -0.002514500018110437 -0.00000000000000554803533794113
2 2 1 3 -0.01312971691520077 -0.00000000000002690819918496329
3 2 1 3 -0.0024948546103823036 -0.0000000000026654978803602942
0 3 1 3 -10.36222101393107 -0.00000000000000019517979200207895
1 3 1 3 22.417835722358692 0.000000000000006138513642056468
2 3 1 3 0.0010936084174126154 0.0000000000019404689745512048
3 3 1 3 -0.003254475876742838 -0.00000000000009015949314652677
0 0 2 3 0.009257933978409053 0.00000000000000507792216638574
1 0 2 3 0.0033562621865134644 -0.000000000000003441019779544697
2 0 2 3 0.0241007279676132 0.00000000014094115634340228
3 0 2 3 -0.0007466748826554101 0.000000000009917179808952507
0 1 2 3 0.0000008512321660187787 0.000000000000001192817563493743
1 1 2 3 -0.0025145000182046017 0.000000000000026897357395697042
2 1 2 3 -0.01312971691520024 -0.000000000004498603688342686
3 1 2 3 -0.0024948546103823036 -0.0000000000026654978803602942
0 2 2 3 -0.004453619754350987 0.00000000000006021502628254107
1 2 2 3 -0.040510364694306286 -0.000000000000015825950189768573
2 2 2 3 0.011634995435745404 -0.000000000000003159215516540629
3 2 2 3 19.646522962072606 0.00000000000000020435450338964305
0 3 2 3 -0.000999684911789674 -0.0000000000035013114151312193
1 3 2 3 0.0010936084174126154 0.0000000000019404689745512048
2 3 2 3 15.333588000929895 0.00000000000000010491606584014173
3 3 2 3 0.0028910375847848663 -0.000000000000003167044502981539
0 0 3 3 18.899052018132046 -0.000000000000004436831070873124
1 0 3 3 -10.362221013648487 0.0000000000000040112995763538
2 0 3 3 -0.000999684911790253 0.0000000000005089186326327347
3 0 3 3 -0.014420047769959322 -0.000000000010242573844883485
0 1 3 3 -10.362221013648487 0.0000000000000040112995763538
1 1 3 3 22.417835723268887 0.0000000000000010669434114577569
2 1 3 3 0.0010936084174136044 -0.000000000027284052678138843
3 1 3 3 -0.003254475876742838 -0.00000000000009015949314652677
0 2 3 3 -0.000999684911790253 0.0000000000005089186326327347
1 2 3 3 0.0010936084174136044 -0.000000000027284052678138843
2 2 3 3 15.333588000956542 -0.0000000000000014072684378792194
3 2 3 3 0.0028910375847848663 -0.000000000000003167044502981539
0 3 3 3 -0.014420047769959322 -0.000000000010242573844883485
1 3 3 3 -0.003254475876742838 -0.00000000000009015949314652677
2 3 3 3 0.0028910375847848663 -0.000000000000003167044502981539
3 3 3 3 20.331963511258284 0.0000000000000030309507393913894
