256 4
0 0 0 0 370.63974 -2.98494411e-17
1 0 0 0 85.7690125 7.84095011e-16
2 0 0 0 -0.0015238591 -7.98650035e-12
3 0 0 0 -0.0593378581 -1.58806301e-12
0 1 0 0 85.7690125 7.84095011e-16
1 1 0 0 21.5375977 2.08817338e-16
2 1 0 0 -0.0105334949 -7.60280727e-13
3 1 0 0 -0.0165078305 -5.71098724e-13
0 2 0 0 -0.0015238591 -7.98650035e-12
1 2 0 0 -0.0105334949 -7.60280727e-13
2 2 0 0 57.0857849 3.95516953e-16
3 2 0 0 0.00925851148 2.13804668e-15
0 3 0 0 -0.0593378581 -1.58806301e-12
1 3 0 0 -0.0165078305 -5.71098724e-13
2 3 0 0 0.00925851148 2.13804668e-15
3 3 0 0 18.8990536 -4.97865638e-16
0 0 1 0 85.7690125 7.84095011e-16
1 0 1 0 21.5375977 -2.2464669e-16
2 0 1 0 -0.0105334949 -1.65201186e-13
3 0 1 0 -0.0165078305 6.1284311e-13
0 1 1 0 2.29458666 2.6454533e-17
1 1 1 0 2.02155137 -4.7894631e-17
2 1 1 0 -0.00707044406 -1.11022302e-15
3 1 1 0 -0.00189763249 -9.72000258e-14
0 2 1 0 -0.0251638014 7.51620988e-14
1 2 1 0 -0.00558654731 -1.40443213e-14
2 2 1 0 -6.20793581 -4.81385765e-17
3 2 1 0 6.34624541e-07 6.76542156e-17
0 3 1 0 -0.0470132045 1.45439216e-14
1 3 1 0 -0.00655647041 2.3481217e-14
2 3 1 0 0.00335600763 2.60642202e-16
3 3 1 0 -10.3622217 4.63388009e-16
0 0 2 0 -0.0015238591 -7.98650035e-12
1 0 2 0 -0.0105334949 -1.65201186e-13
2 0 2 0 57.0857849 2.51968585e-16
3 0 2 0 0.00925851148 -1.73472348e-17
0 1 2 0 -0.0251638014 7.51620988e-14
1 1 2 0 -0.00558654731 -2.17048601e-14
2 1 2 0 -6.20793581 6.2883726e-17
3 1 2 0 6.34624428e-07 2.74953671e-16
0 2 2 0 122.397514 1.26201133e-16
1 2 2 0 22.8668823 1.33573708e-16
2 2 2 0 0.0154377269 1.95576888e-12
3 2 2 0 -0.00445362041 -8.3506535e-12
0 3 2 0 0.0224797875 -5.20417043e-18
1 3 2 0 0.00451822067 -9.34907533e-16
2 3 2 0 0.0241007283 -2.36144437e-13
3 3 2 0 -0.000999684213 8.23924262e-14
0 0 3 0 -0.0593378581 -1.58806301e-12
1 0 3 0 -0.0165078305 6.1284311e-13
2 0 3 0 0.00925851148 -1.73472348e-17
3 0 3 0 18.8990536 2.72351586e-16
0 1 3 0 -0.0470132045 1.45439216e-14
1 1 3 0 -0.00655647041 -1.070255e-13
2 1 3 0 0.00335600763 4.7921736e-16
3 1 3 0 -10.3622217 3.70797143e-16
0 2 3 0 0.0224797875 -5.20417043e-18
1 2 3 0 0.00451822067 -1.90277481e-16
2 2 3 0 0.0241007283 -3.18634008e-14
3 2 3 0 -0.000999684213 5.68503578e-14
0 3 3 0 43.3668938 1.31622144e-16
1 3 3 0 6.92432213 -6.81963166e-17
2 3 3 0 -0.000746673963 -5.12478948e-13
3 3 3 0 -0.0144200493 4.88054042e-13
0 0 0 1 85.7690125 7.84095011e-16
1 0 0 1 2.29458666 2.6454533e-17
2 0 0 1 -0.0251638014 7.51620988e-14
3 0 0 1 -0.0470132045 1.45439216e-14
0 1 0 1 21.5375977 -2.2464669e-16
1 1 0 1 2.02155137 -4.7894631e-17
2 1 0 1 -0.00558654731 -1.40443213e-14
3 1 0 1 -0.00655647041 2.3481217e-14
0 2 0 1 -0.0105334949 -1.65201186e-13
1 2 0 1 -0.00707044406 -1.11022302e-15
2 2 0 1 -6.20793581 -4.81385765e-17
3 2 0 1 0.00335600763 2.60642202e-16
0 3 0 1 -0.0165078305 6.1284311e-13
1 3 0 1 -0.00189763249 -9.72000258e-14
2 3 0 1 6.34624541e-07 6.76542156e-17
3 3 0 1 -10.3622217 4.63388009e-16
0 0 1 1 21.5375977 2.08817338e-16
1 0 1 1 2.02155137 -4.7894631e-17
2 0 1 1 -0.00558654731 -2.17048601e-14
3 0 1 1 -0.00655647041 -1.070255e-13
0 1 1 1 2.02155137 -4.7894631e-17
1 1 1 1 1.48158002 1.11672824e-17
2 1 1 1 0.0047386433 -3.95239397e-14
3 1 1 1 0.00113210385 -8.43769499e-15
0 2 1 1 -0.00558654731 -2.17048601e-14
1 2 1 1 0.0047386433 -3.95239397e-14
2 2 1 1 14.4645624 2.53703308e-17
3 2 1 1 -0.00251445035 -2.74086309e-16
0 3 1 1 -0.00655647041 -1.070255e-13
1 3 1 1 0.00113210385 -8.43769499e-15
2 3 1 1 -0.00251445035 -2.74086309e-16
3 3 1 1 22.4178352 1.75207071e-16
0 0 2 1 -0.0105334949 -7.60280727e-13
1 0 2 1 -0.00707044406 -1.11022302e-15
2 0 2 1 -6.20793581 6.2883726e-17
3 0 2 1 0.00335600763 4.7921736e-16
0 1 2 1 -0.00558654731 -1.40443213e-14
1 1 2 1 0.0047386433 -3.95239397e-14
2 1 2 1 14.4645624 1.12757026e-17
3 1 2 1 -0.00251445035 -1.63064007e-16
0 2 2 1 22.8668823 1.33573708e-16
1 2 2 1 -3.19135046 -2.32019265e-17
2 2 2 1 -0.0217180457 -1.66866521e-13
3 2 2 1 -0.0405103639 -1.55608859e-12
0 3 2 1 0.00451822067 -1.90277481e-16
1 3 2 1 -0.000264518778 2.96854555e-16
2 3 2 1 -0.0131297167 -1.24344979e-14
3 3 2 1 0.00109360786 8.62135884e-14
0 0 3 1 -0.0165078305 -5.71098724e-13
1 0 3 1 -0.00189763249 -9.72000258e-14
2 0 3 1 6.34624428e-07 2.74953671e-16
3 0 3 1 -10.3622217 3.70797143e-16
0 1 3 1 -0.00655647041 2.3481217e-14
1 1 3 1 0.00113210385 -8.43769499e-15
2 1 3 1 -0.00251445035 -1.63064007e-16
3 1 3 1 22.4178352 -2.34187669e-17
0 2 3 1 0.00451822067 -9.34907533e-16
1 2 3 1 -0.000264518778 2.96854555e-16
2 2 3 1 -0.0131297167 -8.68194405e-14
3 2 3 1 0.00109360786 2.31394764e-14
0 3 3 1 6.92432213 -6.81963166e-17
1 3 3 1 -2.78733397 1.65774512e-16
2 3 3 1 -0.00249485532 2.82884827e-13
3 3 3 1 -0.00325447577 -5.88418203e-15
0 0 0 2 -0.0015238591 -7.98650035e-12
1 0 0 2 -0.0251638014 7.51620988e-14
2 0 0 2 122.397514 1.26201133e-16
3 0 0 2 0.0224797875 -5.20417043e-18
0 1 0 2 -0.0105334949 -1.65201186e-13
1 1 0 2 -0.00558654731 -2.17048601e-14
2 1 0 2 22.8668823 1.33573708e-16
3 1 0 2 0.00451822067 -9.34907533e-16
0 2 0 2 57.0857849 2.51968585e-16
1 2 0 2 -6.20793581 6.2883726e-17
2 2 0 2 0.0154377269 1.95576888e-12
3 2 0 2 0.0241007283 -2.36144437e-13
0 3 0 2 0.00925851148 -1.73472348e-17
1 3 0 2 6.34624428e-07 2.74953671e-16
2 3 0 2 -0.00445362041 -8.3506535e-12
3 3 0 2 -0.000999684213 8.23924262e-14
0 0 1 2 -0.0105334949 -7.60280727e-13
1 0 1 2 -0.00558654731 -1.40443213e-14
2 0 1 2 22.8668823 1.33573708e-16
3 0 1 2 0.00451822067 -1.90277481e-16
0 1 1 2 -0.00707044406 -1.11022302e-15
1 1 1 2 0.0047386433 -3.95239397e-14
2 1 1 2 -3.19135046 -2.32019265e-17
3 1 1 2 -0.000264518778 2.96854555e-16
0 2 1 2 -6.20793581 6.2883726e-17
1 2 1 2 14.4645624 1.12757026e-17
2 2 1 2 -0.0217180457 -1.66866521e-13
3 2 1 2 -0.0131297167 -1.24344979e-14
0 3 1 2 0.00335600763 4.7921736e-16
1 3 1 2 -0.00251445035 -1.63064007e-16
2 3 1 2 -0.0405103639 -1.55608859e-12
3 3 1 2 0.00109360786 8.62135884e-14
0 0 2 2 57.0857849 3.95516953e-16
1 0 2 2 -6.20793581 -4.81385765e-17
2 0 2 2 0.0154377269 1.95576888e-12
3 0 2 2 0.0241007283 -3.18634008e-14
0 1 2 2 -6.20793581 -4.81385765e-17
1 1 2 2 14.4645624 2.53703308e-17
2 1 2 2 -0.0217180457 -1.66866521e-13
3 1 2 2 -0.0131297167 -8.68194405e-14
0 2 2 2 0.0154377269 1.95576888e-12
1 2 2 2 -0.0217180457 -1.66866521e-13
2 2 2 2 71.2058792 -2.40259201e-16
3 2 2 2 0.0116350511 -1.37737044e-15
0 3 2 2 0.0241007283 -3.18634008e-14
1 3 2 2 -0.0131297167 -8.68194405e-14
2 3 2 2 0.0116350511 -1.37737044e-15
3 3 2 2 15.3335876 -1.35308431e-16
0 0 3 2 0.00925851148 2.13804668e-15
1 0 3 2 6.34624541e-07 6.76542156e-17
2 0 3 2 -0.00445362041 -8.3506535e-12
3 0 3 2 -0.000999684213 5.68503578e-14
0 1 3 2 0.00335600763 2.60642202e-16
1 1 3 2 -0.00251445035 -2.74086309e-16
2 1 3 2 -0.0405103639 -1.55608859e-12
3 1 3 2 0.00109360786 2.31394764e-14
0 2 3 2 0.0241007283 -2.36144437e-13
1 2 3 2 -0.0131297167 -1.24344979e-14
2 2 3 2 0.0116350511 -1.37737044e-15
3 2 3 2 15.3335876 7.06899816e-17
0 3 3 2 -0.000746673963 -5.12478948e-13
1 3 3 2 -0.00249485532 2.82884827e-13
2 3 3 2 19.6465225 -2.20309881e-16
3 3 3 2 0.00289111258 3.90746463e-16
0 0 0 3 -0.0593378581 -1.58806301e-12
1 0 0 3 -0.0470132045 1.45439216e-14
2 0 0 3 0.0224797875 -5.20417043e-18
3 0 0 3 43.3668938 1.31622144e-16
0 1 0 3 -0.0165078305 6.1284311e-13
1 1 0 3 -0.00655647041 -1.070255e-13
2 1 0 3 0.00451822067 -1.90277481e-16
3 1 0 3 6.92432213 -6.81963166e-17
0 2 0 3 0.00925851148 -1.73472348e-17
1 2 0 3 0.00335600763 4.7921736e-16
2 2 0 3 0.0241007283 -3.18634008e-14
3 2 0 3 -0.000746673963 -5.12478948e-13
0 3 0 3 18.8990536 2.72351586e-16
1 3 0 3 -10.3622217 3.70797143e-16
2 3 0 3 -0.000999684213 5.68503578e-14
3 3 0 3 -0.0144200493 4.88054042e-13
0 0 1 3 -0.0165078305 -5.71098724e-13
1 0 1 3 -0.00655647041 2.3481217e-14
2 0 1 3 0.00451822067 -9.34907533e-16
3 0 1 3 6.92432213 -6.81963166e-17
0 1 1 3 -0.00189763249 -9.72000258e-14
1 1 1 3 0.00113210385 -8.43769499e-15
2 1 1 3 -0.000264518778 2.96854555e-16
3 1 1 3 -2.78733397 1.65774512e-16
0 2 1 3 6.34624428e-07 2.74953671e-16
1 2 1 3 -0.00251445035 -1.63064007e-16
2 2 1 3 -0.0131297167 -8.68194405e-14
3 2 1 3 -0.00249485532 2.82884827e-13
0 3 1 3 -10.3622217 3.70797143e-16
1 3 1 3 22.4178352 -2.34187669e-17
2 3 1 3 0.00109360786 2.31394764e-14
3 3 1 3 -0.00325447577 -5.88418203e-15
0 0 2 3 0.00925851148 2.13804668e-15
1 0 2 3 0.00335600763 2.60642202e-16
2 0 2 3 0.0241007283 -2.36144437e-13
3 0 2 3 -0.000746673963 -5.12478948e-13
0 1 2 3 6.34624541e-07 6.76542156e-17
1 1 2 3 -0.00251445035 -2.74086309e-16
2 1 2 3 -0.0131297167 -1.24344979e-14
3 1 2 3 -0.00249485532 2.82884827e-13
0 2 2 3 -0.00445362041 -8.3506535e-12
1 2 2 3 -0.0405103639 -1.55608859e-12
2 2 2 3 0.0116350511 -1.37737044e-15
3 2 2 3 19.6465225 -2.20309881e-16
0 3 2 3 -0.000999684213 5.68503578e-14
1 3 2 3 0.00109360786 2.31394764e-14
2 3 2 3 15.3335876 7.06899816e-17
3 3 2 3 0.00289111258 3.90746463e-16
0 0 3 3 18.8990536 -4.97865638e-16
1 0 3 3 -10.3622217 4.63388009e-16
2 0 3 3 -0.000999684213 8.23924262e-14
3 0 3 3 -0.0144200493 4.88054042e-13
0 1 3 3 -10.3622217 4.63388009e-16
1 1 3 3 22.4178352 1.75207071e-16
2 1 3 3 0.00109360786 8.62135884e-14
3 1 3 3 -0.00325447577 -5.88418203e-15
0 2 3 3 -0.000999684213 8.23924262e-14
1 2 3 3 0.00109360786 8.62135884e-14
2 2 3 3 15.3335876 -1.35308431e-16
3 2 3 3 0.00289111258 3.90746463e-16
0 3 3 3 -0.0144200493 4.88054042e-13
1 3 3 3 -0.00325447577 -5.88418203e-15
2 3 3 3 0.00289111258 3.90746463e-16
3 3 3 3 20.3319626 -1.17440779e-15
