1503
0.0 0.0 0.0
0.0 0.0 0.6283185307179586
0.0 0.6283185307179586 0.0
0.6283185307179586 0.0 0.0
0.0 0.6283185307179586 -0.6283185307179586
0.0 0.6283185307179586 0.6283185307179586
0.6283185307179586 -0.6283185307179586 0.0
0.6283185307179586 0.0 -0.6283185307179586
0.6283185307179586 0.0 0.6283185307179586
0.6283185307179586 0.6283185307179586 0.0
0.6283185307179586 -0.6283185307179586 -0.6283185307179586
0.6283185307179586 -0.6283185307179586 0.6283185307179586
0.6283185307179586 0.6283185307179586 -0.6283185307179586
0.6283185307179586 0.6283185307179586 0.6283185307179586
0.0 0.0 1.2566370614359172
0.0 1.2566370614359172 0.0
1.2566370614359172 0.0 0.0
0.0 0.6283185307179586 -1.2566370614359172
0.0 0.6283185307179586 1.2566370614359172
0.0 1.2566370614359172 -0.6283185307179586
0.0 1.2566370614359172 0.6283185307179586
0.6283185307179586 -1.2566370614359172 0.0
0.6283185307179586 0.0 -1.2566370614359172
0.6283185307179586 0.0 1.2566370614359172
0.6283185307179586 1.2566370614359172 0.0
1.2566370614359172 -0.6283185307179586 0.0
1.2566370614359172 0.0 -0.6283185307179586
1.2566370614359172 0.0 0.6283185307179586
1.2566370614359172 0.6283185307179586 0.0
0.6283185307179586 -1.2566370614359172 -0.6283185307179586
0.6283185307179586 -1.2566370614359172 0.6283185307179586
0.6283185307179586 -0.6283185307179586 -1.2566370614359172
0.6283185307179586 -0.6283185307179586 1.2566370614359172
0.6283185307179586 0.6283185307179586 -1.2566370614359172
0.6283185307179586 0.6283185307179586 1.2566370614359172
0.6283185307179586 1.2566370614359172 -0.6283185307179586
0.6283185307179586 1.2566370614359172 0.6283185307179586
1.2566370614359172 -0.6283185307179586 -0.6283185307179586
1.2566370614359172 -0.6283185307179586 0.6283185307179586
1.2566370614359172 0.6283185307179586 -0.6283185307179586
1.2566370614359172 0.6283185307179586 0.6283185307179586
0.0 1.2566370614359172 -1.2566370614359172
0.0 1.2566370614359172 1.2566370614359172
1.2566370614359172 -1.2566370614359172 0.0
1.2566370614359172 0.0 -1.2566370614359172
1.2566370614359172 0.0 1.2566370614359172
1.2566370614359172 1.2566370614359172 0.0
0.0 0.0 1.8849555921538759
0.0 1.8849555921538759 0.0
0.6283185307179586 -1.2566370614359172 -1.2566370614359172
0.6283185307179586 -1.2566370614359172 1.2566370614359172
0.6283185307179586 1.2566370614359172 -1.2566370614359172
0.6283185307179586 1.2566370614359172 1.2566370614359172
1.2566370614359172 -1.2566370614359172 -0.6283185307179586
1.2566370614359172 -1.2566370614359172 0.6283185307179586
1.2566370614359172 -0.6283185307179586 -1.2566370614359172
1.2566370614359172 -0.6283185307179586 1.2566370614359172
1.2566370614359172 0.6283185307179586 -1.2566370614359172
1.2566370614359172 0.6283185307179586 1.2566370614359172
1.2566370614359172 1.2566370614359172 -0.6283185307179586
1.2566370614359172 1.2566370614359172 0.6283185307179586
1.8849555921538759 0.0 0.0
0.0 0.6283185307179586 -1.8849555921538759
0.0 0.6283185307179586 1.8849555921538759
0.0 1.8849555921538759 -0.6283185307179586
0.0 1.8849555921538759 0.6283185307179586
0.6283185307179586 -1.8849555921538759 0.0
0.6283185307179586 0.0 -1.8849555921538759
0.6283185307179586 0.0 1.8849555921538759
0.6283185307179586 1.8849555921538759 0.0
1.8849555921538759 -0.6283185307179586 0.0
1.8849555921538759 0.0 -0.6283185307179586
1.8849555921538759 0.0 0.6283185307179586
1.8849555921538759 0.6283185307179586 0.0
0.6283185307179586 -1.8849555921538759 -0.6283185307179586
0.6283185307179586 -1.8849555921538759 0.6283185307179586
0.6283185307179586 -0.6283185307179586 -1.8849555921538759
0.6283185307179586 -0.6283185307179586 1.8849555921538759
0.6283185307179586 0.6283185307179586 -1.8849555921538759
0.6283185307179586 0.6283185307179586 1.8849555921538759
0.6283185307179586 1.8849555921538759 -0.6283185307179586
0.6283185307179586 1.8849555921538759 0.6283185307179586
1.8849555921538759 -0.6283185307179586 -0.6283185307179586
1.8849555921538759 -0.6283185307179586 0.6283185307179586
1.8849555921538759 0.6283185307179586 -0.6283185307179586
1.8849555921538759 0.6283185307179586 0.6283185307179586
1.2566370614359172 -1.2566370614359172 -1.2566370614359172
1.2566370614359172 -1.2566370614359172 1.2566370614359172
1.2566370614359172 1.2566370614359172 -1.2566370614359172
1.2566370614359172 1.2566370614359172 1.2566370614359172
0.0 1.2566370614359172 -1.8849555921538759
0.0 1.2566370614359172 1.8849555921538759
0.0 1.8849555921538759 -1.2566370614359172
0.0 1.8849555921538759 1.2566370614359172
1.2566370614359172 -1.8849555921538759 0.0
1.2566370614359172 0.0 -1.8849555921538759
1.2566370614359172 0.0 1.8849555921538759
1.2566370614359172 1.8849555921538759 0.0
1.8849555921538759 -1.2566370614359172 0.0
1.8849555921538759 0.0 -1.2566370614359172
1.8849555921538759 0.0 1.2566370614359172
1.8849555921538759 1.2566370614359172 0.0
0.6283185307179586 -1.8849555921538759 -1.2566370614359172
0.6283185307179586 -1.8849555921538759 1.2566370614359172
0.6283185307179586 -1.2566370614359172 -1.8849555921538759
0.6283185307179586 -1.2566370614359172 1.8849555921538759
0.6283185307179586 1.2566370614359172 -1.8849555921538759
0.6283185307179586 1.2566370614359172 1.8849555921538759
0.6283185307179586 1.8849555921538759 -1.2566370614359172
0.6283185307179586 1.8849555921538759 1.2566370614359172
1.2566370614359172 -1.8849555921538759 -0.6283185307179586
1.2566370614359172 -1.8849555921538759 0.6283185307179586
1.2566370614359172 -0.6283185307179586 -1.8849555921538759
1.2566370614359172 -0.6283185307179586 1.8849555921538759
1.2566370614359172 0.6283185307179586 -1.8849555921538759
1.2566370614359172 0.6283185307179586 1.8849555921538759
1.2566370614359172 1.8849555921538759 -0.6283185307179586
1.2566370614359172 1.8849555921538759 0.6283185307179586
1.8849555921538759 -1.2566370614359172 -0.6283185307179586
1.8849555921538759 -1.2566370614359172 0.6283185307179586
1.8849555921538759 -0.6283185307179586 -1.2566370614359172
1.8849555921538759 -0.6283185307179586 1.2566370614359172
1.8849555921538759 0.6283185307179586 -1.2566370614359172
1.8849555921538759 0.6283185307179586 1.2566370614359172
1.8849555921538759 1.2566370614359172 -0.6283185307179586
1.8849555921538759 1.2566370614359172 0.6283185307179586
0.0 0.0 2.5132741228718345
0.0 2.5132741228718345 0.0
2.5132741228718345 0.0 0.0
0.0 0.6283185307179586 -2.5132741228718345
0.0 0.6283185307179586 2.5132741228718345
0.0 2.5132741228718345 -0.6283185307179586
0.0 2.5132741228718345 0.6283185307179586
0.6283185307179586 -2.5132741228718345 0.0
0.6283185307179586 0.0 -2.5132741228718345
0.6283185307179586 0.0 2.5132741228718345
0.6283185307179586 2.5132741228718345 0.0
1.2566370614359172 -1.8849555921538759 -1.2566370614359172
1.2566370614359172 -1.8849555921538759 1.2566370614359172
1.2566370614359172 -1.2566370614359172 -1.8849555921538759
1.2566370614359172 -1.2566370614359172 1.8849555921538759
1.2566370614359172 1.2566370614359172 -1.8849555921538759
1.2566370614359172 1.2566370614359172 1.8849555921538759
1.2566370614359172 1.8849555921538759 -1.2566370614359172
1.2566370614359172 1.8849555921538759 1.2566370614359172
1.8849555921538759 -1.2566370614359172 -1.2566370614359172
1.8849555921538759 -1.2566370614359172 1.2566370614359172
1.8849555921538759 1.2566370614359172 -1.2566370614359172
1.8849555921538759 1.2566370614359172 1.2566370614359172
2.5132741228718345 -0.6283185307179586 0.0
2.5132741228718345 0.0 -0.6283185307179586
2.5132741228718345 0.0 0.6283185307179586
2.5132741228718345 0.6283185307179586 0.0
0.0 1.8849555921538759 -1.8849555921538759
0.0 1.8849555921538759 1.8849555921538759
0.6283185307179586 -2.5132741228718345 -0.6283185307179586
0.6283185307179586 -2.5132741228718345 0.6283185307179586
0.6283185307179586 -0.6283185307179586 -2.5132741228718345
0.6283185307179586 -0.6283185307179586 2.5132741228718345
0.6283185307179586 0.6283185307179586 -2.5132741228718345
0.6283185307179586 0.6283185307179586 2.5132741228718345
0.6283185307179586 2.5132741228718345 -0.6283185307179586
0.6283185307179586 2.5132741228718345 0.6283185307179586
1.8849555921538759 -1.8849555921538759 0.0
1.8849555921538759 0.0 -1.8849555921538759
1.8849555921538759 0.0 1.8849555921538759
1.8849555921538759 1.8849555921538759 0.0
2.5132741228718345 -0.6283185307179586 -0.6283185307179586
2.5132741228718345 -0.6283185307179586 0.6283185307179586
2.5132741228718345 0.6283185307179586 -0.6283185307179586
2.5132741228718345 0.6283185307179586 0.6283185307179586
0.6283185307179586 -1.8849555921538759 -1.8849555921538759
0.6283185307179586 -1.8849555921538759 1.8849555921538759
0.6283185307179586 1.8849555921538759 -1.8849555921538759
0.6283185307179586 1.8849555921538759 1.8849555921538759
1.8849555921538759 -1.8849555921538759 -0.6283185307179586
1.8849555921538759 -1.8849555921538759 0.6283185307179586
1.8849555921538759 -0.6283185307179586 -1.8849555921538759
1.8849555921538759 -0.6283185307179586 1.8849555921538759
1.8849555921538759 0.6283185307179586 -1.8849555921538759
1.8849555921538759 0.6283185307179586 1.8849555921538759
1.8849555921538759 1.8849555921538759 -0.6283185307179586
1.8849555921538759 1.8849555921538759 0.6283185307179586
0.0 1.2566370614359172 -2.5132741228718345
0.0 1.2566370614359172 2.5132741228718345
0.0 2.5132741228718345 -1.2566370614359172
0.0 2.5132741228718345 1.2566370614359172
1.2566370614359172 -2.5132741228718345 0.0
1.2566370614359172 0.0 -2.5132741228718345
1.2566370614359172 0.0 2.5132741228718345
1.2566370614359172 2.5132741228718345 0.0
2.5132741228718345 -1.2566370614359172 0.0
2.5132741228718345 0.0 -1.2566370614359172
2.5132741228718345 0.0 1.2566370614359172
2.5132741228718345 1.2566370614359172 0.0
0.6283185307179586 -2.5132741228718345 -1.2566370614359172
0.6283185307179586 -2.5132741228718345 1.2566370614359172
0.6283185307179586 -1.2566370614359172 -2.5132741228718345
0.6283185307179586 -1.2566370614359172 2.5132741228718345
0.6283185307179586 1.2566370614359172 -2.5132741228718345
0.6283185307179586 1.2566370614359172 2.5132741228718345
0.6283185307179586 2.5132741228718345 -1.2566370614359172
0.6283185307179586 2.5132741228718345 1.2566370614359172
1.2566370614359172 -2.5132741228718345 -0.6283185307179586
1.2566370614359172 -2.5132741228718345 0.6283185307179586
1.2566370614359172 -0.6283185307179586 -2.5132741228718345
1.2566370614359172 -0.6283185307179586 2.5132741228718345
1.2566370614359172 0.6283185307179586 -2.5132741228718345
1.2566370614359172 0.6283185307179586 2.5132741228718345
1.2566370614359172 2.5132741228718345 -0.6283185307179586
1.2566370614359172 2.5132741228718345 0.6283185307179586
2.5132741228718345 -1.2566370614359172 -0.6283185307179586
2.5132741228718345 -1.2566370614359172 0.6283185307179586
2.5132741228718345 -0.6283185307179586 -1.2566370614359172
2.5132741228718345 -0.6283185307179586 1.2566370614359172
2.5132741228718345 0.6283185307179586 -1.2566370614359172
2.5132741228718345 0.6283185307179586 1.2566370614359172
2.5132741228718345 1.2566370614359172 -0.6283185307179586
2.5132741228718345 1.2566370614359172 0.6283185307179586
1.2566370614359172 -1.8849555921538759 -1.8849555921538759
1.2566370614359172 -1.8849555921538759 1.8849555921538759
1.2566370614359172 1.8849555921538759 -1.8849555921538759
1.2566370614359172 1.8849555921538759 1.8849555921538759
1.8849555921538759 -1.8849555921538759 -1.2566370614359172
1.8849555921538759 -1.8849555921538759 1.2566370614359172
1.8849555921538759 -1.2566370614359172 -1.8849555921538759
1.8849555921538759 -1.2566370614359172 1.8849555921538759
1.8849555921538759 1.2566370614359172 -1.8849555921538759
1.8849555921538759 1.2566370614359172 1.8849555921538759
1.8849555921538759 1.8849555921538759 -1.2566370614359172
1.8849555921538759 1.8849555921538759 1.2566370614359172
1.2566370614359172 -2.5132741228718345 -1.2566370614359172
1.2566370614359172 -2.5132741228718345 1.2566370614359172
1.2566370614359172 -1.2566370614359172 -2.5132741228718345
1.2566370614359172 -1.2566370614359172 2.5132741228718345
1.2566370614359172 1.2566370614359172 -2.5132741228718345
1.2566370614359172 1.2566370614359172 2.5132741228718345
1.2566370614359172 2.5132741228718345 -1.2566370614359172
1.2566370614359172 2.5132741228718345 1.2566370614359172
2.5132741228718345 -1.2566370614359172 -1.2566370614359172
2.5132741228718345 -1.2566370614359172 1.2566370614359172
2.5132741228718345 1.2566370614359172 -1.2566370614359172
2.5132741228718345 1.2566370614359172 1.2566370614359172
0.0 0.0 3.141592653589793
0.0 1.8849555921538759 -2.5132741228718345
0.0 1.8849555921538759 2.5132741228718345
0.0 2.5132741228718345 -1.8849555921538759
0.0 2.5132741228718345 1.8849555921538759
0.0 3.141592653589793 0.0
1.8849555921538759 -2.5132741228718345 0.0
1.8849555921538759 0.0 -2.5132741228718345
1.8849555921538759 0.0 2.5132741228718345
1.8849555921538759 2.5132741228718345 0.0
2.5132741228718345 -1.8849555921538759 0.0
2.5132741228718345 0.0 -1.8849555921538759
2.5132741228718345 0.0 1.8849555921538759
2.5132741228718345 1.8849555921538759 0.0
3.141592653589793 0.0 0.0
0.0 0.6283185307179586 -3.141592653589793
0.0 0.6283185307179586 3.141592653589793
0.0 3.141592653589793 -0.6283185307179586
0.0 3.141592653589793 0.6283185307179586
0.6283185307179586 -3.141592653589793 0.0
0.6283185307179586 -2.5132741228718345 -1.8849555921538759
0.6283185307179586 -2.5132741228718345 1.8849555921538759
0.6283185307179586 -1.8849555921538759 -2.5132741228718345
0.6283185307179586 -1.8849555921538759 2.5132741228718345
0.6283185307179586 0.0 -3.141592653589793
0.6283185307179586 0.0 3.141592653589793
0.6283185307179586 1.8849555921538759 -2.5132741228718345
0.6283185307179586 1.8849555921538759 2.5132741228718345
0.6283185307179586 2.5132741228718345 -1.8849555921538759
0.6283185307179586 2.5132741228718345 1.8849555921538759
0.6283185307179586 3.141592653589793 0.0
1.8849555921538759 -2.5132741228718345 -0.6283185307179586
1.8849555921538759 -2.5132741228718345 0.6283185307179586
1.8849555921538759 -0.6283185307179586 -2.5132741228718345
1.8849555921538759 -0.6283185307179586 2.5132741228718345
1.8849555921538759 0.6283185307179586 -2.5132741228718345
1.8849555921538759 0.6283185307179586 2.5132741228718345
1.8849555921538759 2.5132741228718345 -0.6283185307179586
1.8849555921538759 2.5132741228718345 0.6283185307179586
2.5132741228718345 -1.8849555921538759 -0.6283185307179586
2.5132741228718345 -1.8849555921538759 0.6283185307179586
2.5132741228718345 -0.6283185307179586 -1.8849555921538759
2.5132741228718345 -0.6283185307179586 1.8849555921538759
2.5132741228718345 0.6283185307179586 -1.8849555921538759
2.5132741228718345 0.6283185307179586 1.8849555921538759
2.5132741228718345 1.8849555921538759 -0.6283185307179586
2.5132741228718345 1.8849555921538759 0.6283185307179586
3.141592653589793 -0.6283185307179586 0.0
3.141592653589793 0.0 -0.6283185307179586
3.141592653589793 0.0 0.6283185307179586
3.141592653589793 0.6283185307179586 0.0
0.6283185307179586 -3.141592653589793 -0.6283185307179586
0.6283185307179586 -3.141592653589793 0.6283185307179586
0.6283185307179586 -0.6283185307179586 -3.141592653589793
0.6283185307179586 -0.6283185307179586 3.141592653589793
0.6283185307179586 0.6283185307179586 -3.141592653589793
0.6283185307179586 0.6283185307179586 3.141592653589793
0.6283185307179586 3.141592653589793 -0.6283185307179586
0.6283185307179586 3.141592653589793 0.6283185307179586
1.8849555921538759 -1.8849555921538759 -1.8849555921538759
1.8849555921538759 -1.8849555921538759 1.8849555921538759
1.8849555921538759 1.8849555921538759 -1.8849555921538759
1.8849555921538759 1.8849555921538759 1.8849555921538759
3.141592653589793 -0.6283185307179586 -0.6283185307179586
3.141592653589793 -0.6283185307179586 0.6283185307179586
3.141592653589793 0.6283185307179586 -0.6283185307179586
3.141592653589793 0.6283185307179586 0.6283185307179586
0.0 1.2566370614359172 -3.141592653589793
0.0 1.2566370614359172 3.141592653589793
0.0 3.141592653589793 -1.2566370614359172
0.0 3.141592653589793 1.2566370614359172
1.2566370614359172 -3.141592653589793 0.0
1.2566370614359172 -2.5132741228718345 -1.8849555921538759
1.2566370614359172 -2.5132741228718345 1.8849555921538759
1.2566370614359172 -1.8849555921538759 -2.5132741228718345
1.2566370614359172 -1.8849555921538759 2.5132741228718345
1.2566370614359172 0.0 -3.141592653589793
1.2566370614359172 0.0 3.141592653589793
1.2566370614359172 1.8849555921538759 -2.5132741228718345
1.2566370614359172 1.8849555921538759 2.5132741228718345
1.2566370614359172 2.5132741228718345 -1.8849555921538759
1.2566370614359172 2.5132741228718345 1.8849555921538759
1.2566370614359172 3.141592653589793 0.0
1.8849555921538759 -2.5132741228718345 -1.2566370614359172
1.8849555921538759 -2.5132741228718345 1.2566370614359172
1.8849555921538759 -1.2566370614359172 -2.5132741228718345
1.8849555921538759 -1.2566370614359172 2.5132741228718345
1.8849555921538759 1.2566370614359172 -2.5132741228718345
1.8849555921538759 1.2566370614359172 2.5132741228718345
1.8849555921538759 2.5132741228718345 -1.2566370614359172
1.8849555921538759 2.5132741228718345 1.2566370614359172
2.5132741228718345 -1.8849555921538759 -1.2566370614359172
2.5132741228718345 -1.8849555921538759 1.2566370614359172
2.5132741228718345 -1.2566370614359172 -1.8849555921538759
2.5132741228718345 -1.2566370614359172 1.8849555921538759
2.5132741228718345 1.2566370614359172 -1.8849555921538759
2.5132741228718345 1.2566370614359172 1.8849555921538759
2.5132741228718345 1.8849555921538759 -1.2566370614359172
2.5132741228718345 1.8849555921538759 1.2566370614359172
3.141592653589793 -1.2566370614359172 0.0
3.141592653589793 0.0 -1.2566370614359172
3.141592653589793 0.0 1.2566370614359172
3.141592653589793 1.2566370614359172 0.0
0.6283185307179586 -3.141592653589793 -1.2566370614359172
0.6283185307179586 -3.141592653589793 1.2566370614359172
0.6283185307179586 -1.2566370614359172 -3.141592653589793
0.6283185307179586 -1.2566370614359172 3.141592653589793
0.6283185307179586 1.2566370614359172 -3.141592653589793
0.6283185307179586 1.2566370614359172 3.141592653589793
0.6283185307179586 3.141592653589793 -1.2566370614359172
0.6283185307179586 3.141592653589793 1.2566370614359172
1.2566370614359172 -3.141592653589793 -0.6283185307179586
1.2566370614359172 -3.141592653589793 0.6283185307179586
1.2566370614359172 -0.6283185307179586 -3.141592653589793
1.2566370614359172 -0.6283185307179586 3.141592653589793
1.2566370614359172 0.6283185307179586 -3.141592653589793
1.2566370614359172 0.6283185307179586 3.141592653589793
1.2566370614359172 3.141592653589793 -0.6283185307179586
1.2566370614359172 3.141592653589793 0.6283185307179586
3.141592653589793 -1.2566370614359172 -0.6283185307179586
3.141592653589793 -1.2566370614359172 0.6283185307179586
3.141592653589793 -0.6283185307179586 -1.2566370614359172
3.141592653589793 -0.6283185307179586 1.2566370614359172
3.141592653589793 0.6283185307179586 -1.2566370614359172
3.141592653589793 0.6283185307179586 1.2566370614359172
3.141592653589793 1.2566370614359172 -0.6283185307179586
3.141592653589793 1.2566370614359172 0.6283185307179586
0.0 2.5132741228718345 -2.5132741228718345
0.0 2.5132741228718345 2.5132741228718345
2.5132741228718345 -2.5132741228718345 0.0
2.5132741228718345 0.0 -2.5132741228718345
2.5132741228718345 0.0 2.5132741228718345
2.5132741228718345 2.5132741228718345 0.0
0.6283185307179586 -2.5132741228718345 -2.5132741228718345
0.6283185307179586 -2.5132741228718345 2.5132741228718345
0.6283185307179586 2.5132741228718345 -2.5132741228718345
0.6283185307179586 2.5132741228718345 2.5132741228718345
1.2566370614359172 -3.141592653589793 -1.2566370614359172
1.2566370614359172 -3.141592653589793 1.2566370614359172
1.2566370614359172 -1.2566370614359172 -3.141592653589793
1.2566370614359172 -1.2566370614359172 3.141592653589793
1.2566370614359172 1.2566370614359172 -3.141592653589793
1.2566370614359172 1.2566370614359172 3.141592653589793
1.2566370614359172 3.141592653589793 -1.2566370614359172
1.2566370614359172 3.141592653589793 1.2566370614359172
2.5132741228718345 -2.5132741228718345 -0.6283185307179586
2.5132741228718345 -2.5132741228718345 0.6283185307179586
2.5132741228718345 -0.6283185307179586 -2.5132741228718345
2.5132741228718345 -0.6283185307179586 2.5132741228718345
2.5132741228718345 0.6283185307179586 -2.5132741228718345
2.5132741228718345 0.6283185307179586 2.5132741228718345
2.5132741228718345 2.5132741228718345 -0.6283185307179586
2.5132741228718345 2.5132741228718345 0.6283185307179586
3.141592653589793 -1.2566370614359172 -1.2566370614359172
3.141592653589793 -1.2566370614359172 1.2566370614359172
3.141592653589793 1.2566370614359172 -1.2566370614359172
3.141592653589793 1.2566370614359172 1.2566370614359172
0.0 1.8849555921538759 -3.141592653589793
0.0 1.8849555921538759 3.141592653589793
0.0 3.141592653589793 -1.8849555921538759
0.0 3.141592653589793 1.8849555921538759
1.8849555921538759 -3.141592653589793 0.0
1.8849555921538759 -2.5132741228718345 -1.8849555921538759
1.8849555921538759 -2.5132741228718345 1.8849555921538759
1.8849555921538759 -1.8849555921538759 -2.5132741228718345
1.8849555921538759 -1.8849555921538759 2.5132741228718345
1.8849555921538759 0.0 -3.141592653589793
1.8849555921538759 0.0 3.141592653589793
1.8849555921538759 1.8849555921538759 -2.5132741228718345
1.8849555921538759 1.8849555921538759 2.5132741228718345
1.8849555921538759 2.5132741228718345 -1.8849555921538759
1.8849555921538759 2.5132741228718345 1.8849555921538759
1.8849555921538759 3.141592653589793 0.0
2.5132741228718345 -1.8849555921538759 -1.8849555921538759
2.5132741228718345 -1.8849555921538759 1.8849555921538759
2.5132741228718345 1.8849555921538759 -1.8849555921538759
2.5132741228718345 1.8849555921538759 1.8849555921538759
3.141592653589793 -1.8849555921538759 0.0
3.141592653589793 0.0 -1.8849555921538759
3.141592653589793 0.0 1.8849555921538759
3.141592653589793 1.8849555921538759 0.0
0.6283185307179586 -3.141592653589793 -1.8849555921538759
0.6283185307179586 -3.141592653589793 1.8849555921538759
0.6283185307179586 -1.8849555921538759 -3.141592653589793
0.6283185307179586 -1.8849555921538759 3.141592653589793
0.6283185307179586 1.8849555921538759 -3.141592653589793
0.6283185307179586 1.8849555921538759 3.141592653589793
0.6283185307179586 3.141592653589793 -1.8849555921538759
0.6283185307179586 3.141592653589793 1.8849555921538759
1.8849555921538759 -3.141592653589793 -0.6283185307179586
1.8849555921538759 -3.141592653589793 0.6283185307179586
1.8849555921538759 -0.6283185307179586 -3.141592653589793
1.8849555921538759 -0.6283185307179586 3.141592653589793
1.8849555921538759 0.6283185307179586 -3.141592653589793
1.8849555921538759 0.6283185307179586 3.141592653589793
1.8849555921538759 3.141592653589793 -0.6283185307179586
1.8849555921538759 3.141592653589793 0.6283185307179586
3.141592653589793 -1.8849555921538759 -0.6283185307179586
3.141592653589793 -1.8849555921538759 0.6283185307179586
3.141592653589793 -0.6283185307179586 -1.8849555921538759
3.141592653589793 -0.6283185307179586 1.8849555921538759
3.141592653589793 0.6283185307179586 -1.8849555921538759
3.141592653589793 0.6283185307179586 1.8849555921538759
3.141592653589793 1.8849555921538759 -0.6283185307179586
3.141592653589793 1.8849555921538759 0.6283185307179586
0.0 0.0 3.7699111843077517
0.0 3.7699111843077517 0.0
1.2566370614359172 -2.5132741228718345 -2.5132741228718345
1.2566370614359172 -2.5132741228718345 2.5132741228718345
1.2566370614359172 2.5132741228718345 -2.5132741228718345
1.2566370614359172 2.5132741228718345 2.5132741228718345
2.5132741228718345 -2.5132741228718345 -1.2566370614359172
2.5132741228718345 -2.5132741228718345 1.2566370614359172
2.5132741228718345 -1.2566370614359172 -2.5132741228718345
2.5132741228718345 -1.2566370614359172 2.5132741228718345
2.5132741228718345 1.2566370614359172 -2.5132741228718345
2.5132741228718345 1.2566370614359172 2.5132741228718345
2.5132741228718345 2.5132741228718345 -1.2566370614359172
2.5132741228718345 2.5132741228718345 1.2566370614359172
3.7699111843077517 0.0 0.0
0.0 0.6283185307179586 -3.7699111843077517
0.0 0.6283185307179586 3.7699111843077517
0.0 3.7699111843077517 -0.6283185307179586
0.0 3.7699111843077517 0.6283185307179586
0.6283185307179586 -3.7699111843077517 0.0
0.6283185307179586 0.0 -3.7699111843077517
0.6283185307179586 0.0 3.7699111843077517
0.6283185307179586 3.7699111843077517 0.0
3.7699111843077517 -0.6283185307179586 0.0
3.7699111843077517 0.0 -0.6283185307179586
3.7699111843077517 0.0 0.6283185307179586
3.7699111843077517 0.6283185307179586 0.0
0.6283185307179586 -3.7699111843077517 -0.6283185307179586
0.6283185307179586 -3.7699111843077517 0.6283185307179586
0.6283185307179586 -0.6283185307179586 -3.7699111843077517
0.6283185307179586 -0.6283185307179586 3.7699111843077517
0.6283185307179586 0.6283185307179586 -3.7699111843077517
0.6283185307179586 0.6283185307179586 3.7699111843077517
0.6283185307179586 3.7699111843077517 -0.6283185307179586
0.6283185307179586 3.7699111843077517 0.6283185307179586
1.2566370614359172 -3.141592653589793 -1.8849555921538759
1.2566370614359172 -3.141592653589793 1.8849555921538759
1.2566370614359172 -1.8849555921538759 -3.141592653589793
1.2566370614359172 -1.8849555921538759 3.141592653589793
1.2566370614359172 1.8849555921538759 -3.141592653589793
1.2566370614359172 1.8849555921538759 3.141592653589793
1.2566370614359172 3.141592653589793 -1.8849555921538759
1.2566370614359172 3.141592653589793 1.8849555921538759
1.8849555921538759 -3.141592653589793 -1.2566370614359172
1.8849555921538759 -3.141592653589793 1.2566370614359172
1.8849555921538759 -1.2566370614359172 -3.141592653589793
1.8849555921538759 -1.2566370614359172 3.141592653589793
1.8849555921538759 1.2566370614359172 -3.141592653589793
1.8849555921538759 1.2566370614359172 3.141592653589793
1.8849555921538759 3.141592653589793 -1.2566370614359172
1.8849555921538759 3.141592653589793 1.2566370614359172
3.141592653589793 -1.8849555921538759 -1.2566370614359172
3.141592653589793 -1.8849555921538759 1.2566370614359172
3.141592653589793 -1.2566370614359172 -1.8849555921538759
3.141592653589793 -1.2566370614359172 1.8849555921538759
3.141592653589793 1.2566370614359172 -1.8849555921538759
3.141592653589793 1.2566370614359172 1.8849555921538759
3.141592653589793 1.8849555921538759 -1.2566370614359172
3.141592653589793 1.8849555921538759 1.2566370614359172
3.7699111843077517 -0.6283185307179586 -0.6283185307179586
3.7699111843077517 -0.6283185307179586 0.6283185307179586
3.7699111843077517 0.6283185307179586 -0.6283185307179586
3.7699111843077517 0.6283185307179586 0.6283185307179586
0.0 1.2566370614359172 -3.7699111843077517
0.0 1.2566370614359172 3.7699111843077517
0.0 3.7699111843077517 -1.2566370614359172
0.0 3.7699111843077517 1.2566370614359172
1.2566370614359172 -3.7699111843077517 0.0
1.2566370614359172 0.0 -3.7699111843077517
1.2566370614359172 0.0 3.7699111843077517
1.2566370614359172 3.7699111843077517 0.0
3.7699111843077517 -1.2566370614359172 0.0
3.7699111843077517 0.0 -1.2566370614359172
3.7699111843077517 0.0 1.2566370614359172
3.7699111843077517 1.2566370614359172 0.0
0.0 2.5132741228718345 -3.141592653589793
0.0 2.5132741228718345 3.141592653589793
0.0 3.141592653589793 -2.5132741228718345
0.0 3.141592653589793 2.5132741228718345
0.6283185307179586 -3.7699111843077517 -1.2566370614359172
0.6283185307179586 -3.7699111843077517 1.2566370614359172
0.6283185307179586 -1.2566370614359172 -3.7699111843077517
0.6283185307179586 -1.2566370614359172 3.7699111843077517
0.6283185307179586 1.2566370614359172 -3.7699111843077517
0.6283185307179586 1.2566370614359172 3.7699111843077517
0.6283185307179586 3.7699111843077517 -1.2566370614359172
0.6283185307179586 3.7699111843077517 1.2566370614359172
1.2566370614359172 -3.7699111843077517 -0.6283185307179586
1.2566370614359172 -3.7699111843077517 0.6283185307179586
1.2566370614359172 -0.6283185307179586 -3.7699111843077517
1.2566370614359172 -0.6283185307179586 3.7699111843077517
1.2566370614359172 0.6283185307179586 -3.7699111843077517
1.2566370614359172 0.6283185307179586 3.7699111843077517
1.2566370614359172 3.7699111843077517 -0.6283185307179586
1.2566370614359172 3.7699111843077517 0.6283185307179586
1.8849555921538759 -2.5132741228718345 -2.5132741228718345
1.8849555921538759 -2.5132741228718345 2.5132741228718345
1.8849555921538759 2.5132741228718345 -2.5132741228718345
1.8849555921538759 2.5132741228718345 2.5132741228718345
2.5132741228718345 -3.141592653589793 0.0
2.5132741228718345 -2.5132741228718345 -1.8849555921538759
2.5132741228718345 -2.5132741228718345 1.8849555921538759
2.5132741228718345 -1.8849555921538759 -2.5132741228718345
2.5132741228718345 -1.8849555921538759 2.5132741228718345
2.5132741228718345 0.0 -3.141592653589793
2.5132741228718345 0.0 3.141592653589793
2.5132741228718345 1.8849555921538759 -2.5132741228718345
2.5132741228718345 1.8849555921538759 2.5132741228718345
2.5132741228718345 2.5132741228718345 -1.8849555921538759
2.5132741228718345 2.5132741228718345 1.8849555921538759
2.5132741228718345 3.141592653589793 0.0
3.141592653589793 -2.5132741228718345 0.0
3.141592653589793 0.0 -2.5132741228718345
3.141592653589793 0.0 2.5132741228718345
3.141592653589793 2.5132741228718345 0.0
3.7699111843077517 -1.2566370614359172 -0.6283185307179586
3.7699111843077517 -1.2566370614359172 0.6283185307179586
3.7699111843077517 -0.6283185307179586 -1.2566370614359172
3.7699111843077517 -0.6283185307179586 1.2566370614359172
3.7699111843077517 0.6283185307179586 -1.2566370614359172
3.7699111843077517 0.6283185307179586 1.2566370614359172
3.7699111843077517 1.2566370614359172 -0.6283185307179586
3.7699111843077517 1.2566370614359172 0.6283185307179586
0.6283185307179586 -3.141592653589793 -2.5132741228718345
0.6283185307179586 -3.141592653589793 2.5132741228718345
0.6283185307179586 -2.5132741228718345 -3.141592653589793
0.6283185307179586 -2.5132741228718345 3.141592653589793
0.6283185307179586 2.5132741228718345 -3.141592653589793
0.6283185307179586 2.5132741228718345 3.141592653589793
0.6283185307179586 3.141592653589793 -2.5132741228718345
0.6283185307179586 3.141592653589793 2.5132741228718345
2.5132741228718345 -3.141592653589793 -0.6283185307179586
2.5132741228718345 -3.141592653589793 0.6283185307179586
2.5132741228718345 -0.6283185307179586 -3.141592653589793
2.5132741228718345 -0.6283185307179586 3.141592653589793
2.5132741228718345 0.6283185307179586 -3.141592653589793
2.5132741228718345 0.6283185307179586 3.141592653589793
2.5132741228718345 3.141592653589793 -0.6283185307179586
2.5132741228718345 3.141592653589793 0.6283185307179586
3.141592653589793 -2.5132741228718345 -0.6283185307179586
3.141592653589793 -2.5132741228718345 0.6283185307179586
3.141592653589793 -0.6283185307179586 -2.5132741228718345
3.141592653589793 -0.6283185307179586 2.5132741228718345
3.141592653589793 0.6283185307179586 -2.5132741228718345
3.141592653589793 0.6283185307179586 2.5132741228718345
3.141592653589793 2.5132741228718345 -0.6283185307179586
3.141592653589793 2.5132741228718345 0.6283185307179586
1.8849555921538759 -3.141592653589793 -1.8849555921538759
1.8849555921538759 -3.141592653589793 1.8849555921538759
1.8849555921538759 -1.8849555921538759 -3.141592653589793
1.8849555921538759 -1.8849555921538759 3.141592653589793
1.8849555921538759 1.8849555921538759 -3.141592653589793
1.8849555921538759 1.8849555921538759 3.141592653589793
1.8849555921538759 3.141592653589793 -1.8849555921538759
1.8849555921538759 3.141592653589793 1.8849555921538759
3.141592653589793 -1.8849555921538759 -1.8849555921538759
3.141592653589793 -1.8849555921538759 1.8849555921538759
3.141592653589793 1.8849555921538759 -1.8849555921538759
3.141592653589793 1.8849555921538759 1.8849555921538759
1.2566370614359172 -3.7699111843077517 -1.2566370614359172
1.2566370614359172 -3.7699111843077517 1.2566370614359172
1.2566370614359172 -1.2566370614359172 -3.7699111843077517
1.2566370614359172 -1.2566370614359172 3.7699111843077517
1.2566370614359172 1.2566370614359172 -3.7699111843077517
1.2566370614359172 1.2566370614359172 3.7699111843077517
1.2566370614359172 3.7699111843077517 -1.2566370614359172
1.2566370614359172 3.7699111843077517 1.2566370614359172
3.7699111843077517 -1.2566370614359172 -1.2566370614359172
3.7699111843077517 -1.2566370614359172 1.2566370614359172
3.7699111843077517 1.2566370614359172 -1.2566370614359172
3.7699111843077517 1.2566370614359172 1.2566370614359172
0.0 1.8849555921538759 -3.7699111843077517
0.0 1.8849555921538759 3.7699111843077517
0.0 3.7699111843077517 -1.8849555921538759
0.0 3.7699111843077517 1.8849555921538759
1.2566370614359172 -3.141592653589793 -2.5132741228718345
1.2566370614359172 -3.141592653589793 2.5132741228718345
1.2566370614359172 -2.5132741228718345 -3.141592653589793
1.2566370614359172 -2.5132741228718345 3.141592653589793
1.2566370614359172 2.5132741228718345 -3.141592653589793
1.2566370614359172 2.5132741228718345 3.141592653589793
1.2566370614359172 3.141592653589793 -2.5132741228718345
1.2566370614359172 3.141592653589793 2.5132741228718345
1.8849555921538759 -3.7699111843077517 0.0
1.8849555921538759 0.0 -3.7699111843077517
1.8849555921538759 0.0 3.7699111843077517
1.8849555921538759 3.7699111843077517 0.0
2.5132741228718345 -3.141592653589793 -1.2566370614359172
2.5132741228718345 -3.141592653589793 1.2566370614359172
2.5132741228718345 -1.2566370614359172 -3.141592653589793
2.5132741228718345 -1.2566370614359172 3.141592653589793
2.5132741228718345 1.2566370614359172 -3.141592653589793
2.5132741228718345 1.2566370614359172 3.141592653589793
2.5132741228718345 3.141592653589793 -1.2566370614359172
2.5132741228718345 3.141592653589793 1.2566370614359172
3.141592653589793 -2.5132741228718345 -1.2566370614359172
3.141592653589793 -2.5132741228718345 1.2566370614359172
3.141592653589793 -1.2566370614359172 -2.5132741228718345
3.141592653589793 -1.2566370614359172 2.5132741228718345
3.141592653589793 1.2566370614359172 -2.5132741228718345
3.141592653589793 1.2566370614359172 2.5132741228718345
3.141592653589793 2.5132741228718345 -1.2566370614359172
3.141592653589793 2.5132741228718345 1.2566370614359172
3.7699111843077517 -1.8849555921538759 0.0
3.7699111843077517 0.0 -1.8849555921538759
3.7699111843077517 0.0 1.8849555921538759
3.7699111843077517 1.8849555921538759 0.0
0.6283185307179586 -3.7699111843077517 -1.8849555921538759
0.6283185307179586 -3.7699111843077517 1.8849555921538759
0.6283185307179586 -1.8849555921538759 -3.7699111843077517
0.6283185307179586 -1.8849555921538759 3.7699111843077517
0.6283185307179586 1.8849555921538759 -3.7699111843077517
0.6283185307179586 1.8849555921538759 3.7699111843077517
0.6283185307179586 3.7699111843077517 -1.8849555921538759
0.6283185307179586 3.7699111843077517 1.8849555921538759
1.8849555921538759 -3.7699111843077517 -0.6283185307179586
1.8849555921538759 -3.7699111843077517 0.6283185307179586
1.8849555921538759 -0.6283185307179586 -3.7699111843077517
1.8849555921538759 -0.6283185307179586 3.7699111843077517
1.8849555921538759 0.6283185307179586 -3.7699111843077517
1.8849555921538759 0.6283185307179586 3.7699111843077517
1.8849555921538759 3.7699111843077517 -0.6283185307179586
1.8849555921538759 3.7699111843077517 0.6283185307179586
3.7699111843077517 -1.8849555921538759 -0.6283185307179586
3.7699111843077517 -1.8849555921538759 0.6283185307179586
3.7699111843077517 -0.6283185307179586 -1.8849555921538759
3.7699111843077517 -0.6283185307179586 1.8849555921538759
3.7699111843077517 0.6283185307179586 -1.8849555921538759
3.7699111843077517 0.6283185307179586 1.8849555921538759
3.7699111843077517 1.8849555921538759 -0.6283185307179586
3.7699111843077517 1.8849555921538759 0.6283185307179586
2.5132741228718345 -2.5132741228718345 -2.5132741228718345
2.5132741228718345 -2.5132741228718345 2.5132741228718345
2.5132741228718345 2.5132741228718345 -2.5132741228718345
2.5132741228718345 2.5132741228718345 2.5132741228718345
0.0 0.0 4.39822971502571
0.0 4.39822971502571 0.0
1.2566370614359172 -3.7699111843077517 -1.8849555921538759
1.2566370614359172 -3.7699111843077517 1.8849555921538759
1.2566370614359172 -1.8849555921538759 -3.7699111843077517
1.2566370614359172 -1.8849555921538759 3.7699111843077517
1.2566370614359172 1.8849555921538759 -3.7699111843077517
1.2566370614359172 1.8849555921538759 3.7699111843077517
1.2566370614359172 3.7699111843077517 -1.8849555921538759
1.2566370614359172 3.7699111843077517 1.8849555921538759
1.8849555921538759 -3.7699111843077517 -1.2566370614359172
1.8849555921538759 -3.7699111843077517 1.2566370614359172
1.8849555921538759 -1.2566370614359172 -3.7699111843077517
1.8849555921538759 -1.2566370614359172 3.7699111843077517
1.8849555921538759 1.2566370614359172 -3.7699111843077517
1.8849555921538759 1.2566370614359172 3.7699111843077517
1.8849555921538759 3.7699111843077517 -1.2566370614359172
1.8849555921538759 3.7699111843077517 1.2566370614359172
3.7699111843077517 -1.8849555921538759 -1.2566370614359172
3.7699111843077517 -1.8849555921538759 1.2566370614359172
3.7699111843077517 -1.2566370614359172 -1.8849555921538759
3.7699111843077517 -1.2566370614359172 1.8849555921538759
3.7699111843077517 1.2566370614359172 -1.8849555921538759
3.7699111843077517 1.2566370614359172 1.8849555921538759
3.7699111843077517 1.8849555921538759 -1.2566370614359172
3.7699111843077517 1.8849555921538759 1.2566370614359172
4.39822971502571 0.0 0.0
0.0 0.6283185307179586 -4.39822971502571
0.0 0.6283185307179586 4.39822971502571
0.0 3.141592653589793 -3.141592653589793
0.0 3.141592653589793 3.141592653589793
0.0 4.39822971502571 -0.6283185307179586
0.0 4.39822971502571 0.6283185307179586
0.6283185307179586 -4.39822971502571 0.0
0.6283185307179586 0.0 -4.39822971502571
0.6283185307179586 0.0 4.39822971502571
0.6283185307179586 4.39822971502571 0.0
1.8849555921538759 -3.141592653589793 -2.5132741228718345
1.8849555921538759 -3.141592653589793 2.5132741228718345
1.8849555921538759 -2.5132741228718345 -3.141592653589793
1.8849555921538759 -2.5132741228718345 3.141592653589793
1.8849555921538759 2.5132741228718345 -3.141592653589793
1.8849555921538759 2.5132741228718345 3.141592653589793
1.8849555921538759 3.141592653589793 -2.5132741228718345
1.8849555921538759 3.141592653589793 2.5132741228718345
2.5132741228718345 -3.141592653589793 -1.8849555921538759
2.5132741228718345 -3.141592653589793 1.8849555921538759
2.5132741228718345 -1.8849555921538759 -3.141592653589793
2.5132741228718345 -1.8849555921538759 3.141592653589793
2.5132741228718345 1.8849555921538759 -3.141592653589793
2.5132741228718345 1.8849555921538759 3.141592653589793
2.5132741228718345 3.141592653589793 -1.8849555921538759
2.5132741228718345 3.141592653589793 1.8849555921538759
3.141592653589793 -3.141592653589793 0.0
3.141592653589793 -2.5132741228718345 -1.8849555921538759
3.141592653589793 -2.5132741228718345 1.8849555921538759
3.141592653589793 -1.8849555921538759 -2.5132741228718345
3.141592653589793 -1.8849555921538759 2.5132741228718345
3.141592653589793 0.0 -3.141592653589793
3.141592653589793 0.0 3.141592653589793
3.141592653589793 1.8849555921538759 -2.5132741228718345
3.141592653589793 1.8849555921538759 2.5132741228718345
3.141592653589793 2.5132741228718345 -1.8849555921538759
3.141592653589793 2.5132741228718345 1.8849555921538759
3.141592653589793 3.141592653589793 0.0
4.39822971502571 -0.6283185307179586 0.0
4.39822971502571 0.0 -0.6283185307179586
4.39822971502571 0.0 0.6283185307179586
4.39822971502571 0.6283185307179586 0.0
0.0 0.0 -0.6283185307179586
0.0 -0.6283185307179586 0.0
-0.6283185307179586 0.0 0.0
0.0 -0.6283185307179586 0.6283185307179586
0.0 -0.6283185307179586 -0.6283185307179586
-0.6283185307179586 0.6283185307179586 0.0
-0.6283185307179586 0.0 0.6283185307179586
-0.6283185307179586 0.0 -0.6283185307179586
-0.6283185307179586 -0.6283185307179586 0.0
-0.6283185307179586 0.6283185307179586 0.6283185307179586
-0.6283185307179586 0.6283185307179586 -0.6283185307179586
-0.6283185307179586 -0.6283185307179586 0.6283185307179586
-0.6283185307179586 -0.6283185307179586 -0.6283185307179586
0.0 0.0 -1.2566370614359172
0.0 -1.2566370614359172 0.0
-1.2566370614359172 0.0 0.0
0.0 -0.6283185307179586 1.2566370614359172
0.0 -0.6283185307179586 -1.2566370614359172
0.0 -1.2566370614359172 0.6283185307179586
0.0 -1.2566370614359172 -0.6283185307179586
-0.6283185307179586 1.2566370614359172 0.0
-0.6283185307179586 0.0 1.2566370614359172
-0.6283185307179586 0.0 -1.2566370614359172
-0.6283185307179586 -1.2566370614359172 0.0
-1.2566370614359172 0.6283185307179586 0.0
-1.2566370614359172 0.0 0.6283185307179586
-1.2566370614359172 0.0 -0.6283185307179586
-1.2566370614359172 -0.6283185307179586 0.0
-0.6283185307179586 1.2566370614359172 0.6283185307179586
-0.6283185307179586 1.2566370614359172 -0.6283185307179586
-0.6283185307179586 0.6283185307179586 1.2566370614359172
-0.6283185307179586 0.6283185307179586 -1.2566370614359172
-0.6283185307179586 -0.6283185307179586 1.2566370614359172
-0.6283185307179586 -0.6283185307179586 -1.2566370614359172
-0.6283185307179586 -1.2566370614359172 0.6283185307179586
-0.6283185307179586 -1.2566370614359172 -0.6283185307179586
-1.2566370614359172 0.6283185307179586 0.6283185307179586
-1.2566370614359172 0.6283185307179586 -0.6283185307179586
-1.2566370614359172 -0.6283185307179586 0.6283185307179586
-1.2566370614359172 -0.6283185307179586 -0.6283185307179586
0.0 -1.2566370614359172 1.2566370614359172
0.0 -1.2566370614359172 -1.2566370614359172
-1.2566370614359172 1.2566370614359172 0.0
-1.2566370614359172 0.0 1.2566370614359172
-1.2566370614359172 0.0 -1.2566370614359172
-1.2566370614359172 -1.2566370614359172 0.0
0.0 0.0 -1.8849555921538759
0.0 -1.8849555921538759 0.0
-0.6283185307179586 1.2566370614359172 1.2566370614359172
-0.6283185307179586 1.2566370614359172 -1.2566370614359172
-0.6283185307179586 -1.2566370614359172 1.2566370614359172
-0.6283185307179586 -1.2566370614359172 -1.2566370614359172
-1.2566370614359172 1.2566370614359172 0.6283185307179586
-1.2566370614359172 1.2566370614359172 -0.6283185307179586
-1.2566370614359172 0.6283185307179586 1.2566370614359172
-1.2566370614359172 0.6283185307179586 -1.2566370614359172
-1.2566370614359172 -0.6283185307179586 1.2566370614359172
-1.2566370614359172 -0.6283185307179586 -1.2566370614359172
-1.2566370614359172 -1.2566370614359172 0.6283185307179586
-1.2566370614359172 -1.2566370614359172 -0.6283185307179586
-1.8849555921538759 0.0 0.0
0.0 -0.6283185307179586 1.8849555921538759
0.0 -0.6283185307179586 -1.8849555921538759
0.0 -1.8849555921538759 0.6283185307179586
0.0 -1.8849555921538759 -0.6283185307179586
-0.6283185307179586 1.8849555921538759 0.0
-0.6283185307179586 0.0 1.8849555921538759
-0.6283185307179586 0.0 -1.8849555921538759
-0.6283185307179586 -1.8849555921538759 0.0
-1.8849555921538759 0.6283185307179586 0.0
-1.8849555921538759 0.0 0.6283185307179586
-1.8849555921538759 0.0 -0.6283185307179586
-1.8849555921538759 -0.6283185307179586 0.0
-0.6283185307179586 1.8849555921538759 0.6283185307179586
-0.6283185307179586 1.8849555921538759 -0.6283185307179586
-0.6283185307179586 0.6283185307179586 1.8849555921538759
-0.6283185307179586 0.6283185307179586 -1.8849555921538759
-0.6283185307179586 -0.6283185307179586 1.8849555921538759
-0.6283185307179586 -0.6283185307179586 -1.8849555921538759
-0.6283185307179586 -1.8849555921538759 0.6283185307179586
-0.6283185307179586 -1.8849555921538759 -0.6283185307179586
-1.8849555921538759 0.6283185307179586 0.6283185307179586
-1.8849555921538759 0.6283185307179586 -0.6283185307179586
-1.8849555921538759 -0.6283185307179586 0.6283185307179586
-1.8849555921538759 -0.6283185307179586 -0.6283185307179586
-1.2566370614359172 1.2566370614359172 1.2566370614359172
-1.2566370614359172 1.2566370614359172 -1.2566370614359172
-1.2566370614359172 -1.2566370614359172 1.2566370614359172
-1.2566370614359172 -1.2566370614359172 -1.2566370614359172
0.0 -1.2566370614359172 1.8849555921538759
0.0 -1.2566370614359172 -1.8849555921538759
0.0 -1.8849555921538759 1.2566370614359172
0.0 -1.8849555921538759 -1.2566370614359172
-1.2566370614359172 1.8849555921538759 0.0
-1.2566370614359172 0.0 1.8849555921538759
-1.2566370614359172 0.0 -1.8849555921538759
-1.2566370614359172 -1.8849555921538759 0.0
-1.8849555921538759 1.2566370614359172 0.0
-1.8849555921538759 0.0 1.2566370614359172
-1.8849555921538759 0.0 -1.2566370614359172
-1.8849555921538759 -1.2566370614359172 0.0
-0.6283185307179586 1.8849555921538759 1.2566370614359172
-0.6283185307179586 1.8849555921538759 -1.2566370614359172
-0.6283185307179586 1.2566370614359172 1.8849555921538759
-0.6283185307179586 1.2566370614359172 -1.8849555921538759
-0.6283185307179586 -1.2566370614359172 1.8849555921538759
-0.6283185307179586 -1.2566370614359172 -1.8849555921538759
-0.6283185307179586 -1.8849555921538759 1.2566370614359172
-0.6283185307179586 -1.8849555921538759 -1.2566370614359172
-1.2566370614359172 1.8849555921538759 0.6283185307179586
-1.2566370614359172 1.8849555921538759 -0.6283185307179586
-1.2566370614359172 0.6283185307179586 1.8849555921538759
-1.2566370614359172 0.6283185307179586 -1.8849555921538759
-1.2566370614359172 -0.6283185307179586 1.8849555921538759
-1.2566370614359172 -0.6283185307179586 -1.8849555921538759
-1.2566370614359172 -1.8849555921538759 0.6283185307179586
-1.2566370614359172 -1.8849555921538759 -0.6283185307179586
-1.8849555921538759 1.2566370614359172 0.6283185307179586
-1.8849555921538759 1.2566370614359172 -0.6283185307179586
-1.8849555921538759 0.6283185307179586 1.2566370614359172
-1.8849555921538759 0.6283185307179586 -1.2566370614359172
-1.8849555921538759 -0.6283185307179586 1.2566370614359172
-1.8849555921538759 -0.6283185307179586 -1.2566370614359172
-1.8849555921538759 -1.2566370614359172 0.6283185307179586
-1.8849555921538759 -1.2566370614359172 -0.6283185307179586
0.0 0.0 -2.5132741228718345
0.0 -2.5132741228718345 0.0
-2.5132741228718345 0.0 0.0
0.0 -0.6283185307179586 2.5132741228718345
0.0 -0.6283185307179586 -2.5132741228718345
0.0 -2.5132741228718345 0.6283185307179586
0.0 -2.5132741228718345 -0.6283185307179586
-0.6283185307179586 2.5132741228718345 0.0
-0.6283185307179586 0.0 2.5132741228718345
-0.6283185307179586 0.0 -2.5132741228718345
-0.6283185307179586 -2.5132741228718345 0.0
-1.2566370614359172 1.8849555921538759 1.2566370614359172
-1.2566370614359172 1.8849555921538759 -1.2566370614359172
-1.2566370614359172 1.2566370614359172 1.8849555921538759
-1.2566370614359172 1.2566370614359172 -1.8849555921538759
-1.2566370614359172 -1.2566370614359172 1.8849555921538759
-1.2566370614359172 -1.2566370614359172 -1.8849555921538759
-1.2566370614359172 -1.8849555921538759 1.2566370614359172
-1.2566370614359172 -1.8849555921538759 -1.2566370614359172
-1.8849555921538759 1.2566370614359172 1.2566370614359172
-1.8849555921538759 1.2566370614359172 -1.2566370614359172
-1.8849555921538759 -1.2566370614359172 1.2566370614359172
-1.8849555921538759 -1.2566370614359172 -1.2566370614359172
-2.5132741228718345 0.6283185307179586 0.0
-2.5132741228718345 0.0 0.6283185307179586
-2.5132741228718345 0.0 -0.6283185307179586
-2.5132741228718345 -0.6283185307179586 0.0
0.0 -1.8849555921538759 1.8849555921538759
0.0 -1.8849555921538759 -1.8849555921538759
-0.6283185307179586 2.5132741228718345 0.6283185307179586
-0.6283185307179586 2.5132741228718345 -0.6283185307179586
-0.6283185307179586 0.6283185307179586 2.5132741228718345
-0.6283185307179586 0.6283185307179586 -2.5132741228718345
-0.6283185307179586 -0.6283185307179586 2.5132741228718345
-0.6283185307179586 -0.6283185307179586 -2.5132741228718345
-0.6283185307179586 -2.5132741228718345 0.6283185307179586
-0.6283185307179586 -2.5132741228718345 -0.6283185307179586
-1.8849555921538759 1.8849555921538759 0.0
-1.8849555921538759 0.0 1.8849555921538759
-1.8849555921538759 0.0 -1.8849555921538759
-1.8849555921538759 -1.8849555921538759 0.0
-2.5132741228718345 0.6283185307179586 0.6283185307179586
-2.5132741228718345 0.6283185307179586 -0.6283185307179586
-2.5132741228718345 -0.6283185307179586 0.6283185307179586
-2.5132741228718345 -0.6283185307179586 -0.6283185307179586
-0.6283185307179586 1.8849555921538759 1.8849555921538759
-0.6283185307179586 1.8849555921538759 -1.8849555921538759
-0.6283185307179586 -1.8849555921538759 1.8849555921538759
-0.6283185307179586 -1.8849555921538759 -1.8849555921538759
-1.8849555921538759 1.8849555921538759 0.6283185307179586
-1.8849555921538759 1.8849555921538759 -0.6283185307179586
-1.8849555921538759 0.6283185307179586 1.8849555921538759
-1.8849555921538759 0.6283185307179586 -1.8849555921538759
-1.8849555921538759 -0.6283185307179586 1.8849555921538759
-1.8849555921538759 -0.6283185307179586 -1.8849555921538759
-1.8849555921538759 -1.8849555921538759 0.6283185307179586
-1.8849555921538759 -1.8849555921538759 -0.6283185307179586
0.0 -1.2566370614359172 2.5132741228718345
0.0 -1.2566370614359172 -2.5132741228718345
0.0 -2.5132741228718345 1.2566370614359172
0.0 -2.5132741228718345 -1.2566370614359172
-1.2566370614359172 2.5132741228718345 0.0
-1.2566370614359172 0.0 2.5132741228718345
-1.2566370614359172 0.0 -2.5132741228718345
-1.2566370614359172 -2.5132741228718345 0.0
-2.5132741228718345 1.2566370614359172 0.0
-2.5132741228718345 0.0 1.2566370614359172
-2.5132741228718345 0.0 -1.2566370614359172
-2.5132741228718345 -1.2566370614359172 0.0
-0.6283185307179586 2.5132741228718345 1.2566370614359172
-0.6283185307179586 2.5132741228718345 -1.2566370614359172
-0.6283185307179586 1.2566370614359172 2.5132741228718345
-0.6283185307179586 1.2566370614359172 -2.5132741228718345
-0.6283185307179586 -1.2566370614359172 2.5132741228718345
-0.6283185307179586 -1.2566370614359172 -2.5132741228718345
-0.6283185307179586 -2.5132741228718345 1.2566370614359172
-0.6283185307179586 -2.5132741228718345 -1.2566370614359172
-1.2566370614359172 2.5132741228718345 0.6283185307179586
-1.2566370614359172 2.5132741228718345 -0.6283185307179586
-1.2566370614359172 0.6283185307179586 2.5132741228718345
-1.2566370614359172 0.6283185307179586 -2.5132741228718345
-1.2566370614359172 -0.6283185307179586 2.5132741228718345
-1.2566370614359172 -0.6283185307179586 -2.5132741228718345
-1.2566370614359172 -2.5132741228718345 0.6283185307179586
-1.2566370614359172 -2.5132741228718345 -0.6283185307179586
-2.5132741228718345 1.2566370614359172 0.6283185307179586
-2.5132741228718345 1.2566370614359172 -0.6283185307179586
-2.5132741228718345 0.6283185307179586 1.2566370614359172
-2.5132741228718345 0.6283185307179586 -1.2566370614359172
-2.5132741228718345 -0.6283185307179586 1.2566370614359172
-2.5132741228718345 -0.6283185307179586 -1.2566370614359172
-2.5132741228718345 -1.2566370614359172 0.6283185307179586
-2.5132741228718345 -1.2566370614359172 -0.6283185307179586
-1.2566370614359172 1.8849555921538759 1.8849555921538759
-1.2566370614359172 1.8849555921538759 -1.8849555921538759
-1.2566370614359172 -1.8849555921538759 1.8849555921538759
-1.2566370614359172 -1.8849555921538759 -1.8849555921538759
-1.8849555921538759 1.8849555921538759 1.2566370614359172
-1.8849555921538759 1.8849555921538759 -1.2566370614359172
-1.8849555921538759 1.2566370614359172 1.8849555921538759
-1.8849555921538759 1.2566370614359172 -1.8849555921538759
-1.8849555921538759 -1.2566370614359172 1.8849555921538759
-1.8849555921538759 -1.2566370614359172 -1.8849555921538759
-1.8849555921538759 -1.8849555921538759 1.2566370614359172
-1.8849555921538759 -1.8849555921538759 -1.2566370614359172
-1.2566370614359172 2.5132741228718345 1.2566370614359172
-1.2566370614359172 2.5132741228718345 -1.2566370614359172
-1.2566370614359172 1.2566370614359172 2.5132741228718345
-1.2566370614359172 1.2566370614359172 -2.5132741228718345
-1.2566370614359172 -1.2566370614359172 2.5132741228718345
-1.2566370614359172 -1.2566370614359172 -2.5132741228718345
-1.2566370614359172 -2.5132741228718345 1.2566370614359172
-1.2566370614359172 -2.5132741228718345 -1.2566370614359172
-2.5132741228718345 1.2566370614359172 1.2566370614359172
-2.5132741228718345 1.2566370614359172 -1.2566370614359172
-2.5132741228718345 -1.2566370614359172 1.2566370614359172
-2.5132741228718345 -1.2566370614359172 -1.2566370614359172
0.0 0.0 -3.141592653589793
0.0 -1.8849555921538759 2.5132741228718345
0.0 -1.8849555921538759 -2.5132741228718345
0.0 -2.5132741228718345 1.8849555921538759
0.0 -2.5132741228718345 -1.8849555921538759
0.0 -3.141592653589793 0.0
-1.8849555921538759 2.5132741228718345 0.0
-1.8849555921538759 0.0 2.5132741228718345
-1.8849555921538759 0.0 -2.5132741228718345
-1.8849555921538759 -2.5132741228718345 0.0
-2.5132741228718345 1.8849555921538759 0.0
-2.5132741228718345 0.0 1.8849555921538759
-2.5132741228718345 0.0 -1.8849555921538759
-2.5132741228718345 -1.8849555921538759 0.0
-3.141592653589793 0.0 0.0
0.0 -0.6283185307179586 3.141592653589793
0.0 -0.6283185307179586 -3.141592653589793
0.0 -3.141592653589793 0.6283185307179586
0.0 -3.141592653589793 -0.6283185307179586
-0.6283185307179586 3.141592653589793 0.0
-0.6283185307179586 2.5132741228718345 1.8849555921538759
-0.6283185307179586 2.5132741228718345 -1.8849555921538759
-0.6283185307179586 1.8849555921538759 2.5132741228718345
-0.6283185307179586 1.8849555921538759 -2.5132741228718345
-0.6283185307179586 0.0 3.141592653589793
-0.6283185307179586 0.0 -3.141592653589793
-0.6283185307179586 -1.8849555921538759 2.5132741228718345
-0.6283185307179586 -1.8849555921538759 -2.5132741228718345
-0.6283185307179586 -2.5132741228718345 1.8849555921538759
-0.6283185307179586 -2.5132741228718345 -1.8849555921538759
-0.6283185307179586 -3.141592653589793 0.0
-1.8849555921538759 2.5132741228718345 0.6283185307179586
-1.8849555921538759 2.5132741228718345 -0.6283185307179586
-1.8849555921538759 0.6283185307179586 2.5132741228718345
-1.8849555921538759 0.6283185307179586 -2.5132741228718345
-1.8849555921538759 -0.6283185307179586 2.5132741228718345
-1.8849555921538759 -0.6283185307179586 -2.5132741228718345
-1.8849555921538759 -2.5132741228718345 0.6283185307179586
-1.8849555921538759 -2.5132741228718345 -0.6283185307179586
-2.5132741228718345 1.8849555921538759 0.6283185307179586
-2.5132741228718345 1.8849555921538759 -0.6283185307179586
-2.5132741228718345 0.6283185307179586 1.8849555921538759
-2.5132741228718345 0.6283185307179586 -1.8849555921538759
-2.5132741228718345 -0.6283185307179586 1.8849555921538759
-2.5132741228718345 -0.6283185307179586 -1.8849555921538759
-2.5132741228718345 -1.8849555921538759 0.6283185307179586
-2.5132741228718345 -1.8849555921538759 -0.6283185307179586
-3.141592653589793 0.6283185307179586 0.0
-3.141592653589793 0.0 0.6283185307179586
-3.141592653589793 0.0 -0.6283185307179586
-3.141592653589793 -0.6283185307179586 0.0
-0.6283185307179586 3.141592653589793 0.6283185307179586
-0.6283185307179586 3.141592653589793 -0.6283185307179586
-0.6283185307179586 0.6283185307179586 3.141592653589793
-0.6283185307179586 0.6283185307179586 -3.141592653589793
-0.6283185307179586 -0.6283185307179586 3.141592653589793
-0.6283185307179586 -0.6283185307179586 -3.141592653589793
-0.6283185307179586 -3.141592653589793 0.6283185307179586
-0.6283185307179586 -3.141592653589793 -0.6283185307179586
-1.8849555921538759 1.8849555921538759 1.8849555921538759
-1.8849555921538759 1.8849555921538759 -1.8849555921538759
-1.8849555921538759 -1.8849555921538759 1.8849555921538759
-1.8849555921538759 -1.8849555921538759 -1.8849555921538759
-3.141592653589793 0.6283185307179586 0.6283185307179586
-3.141592653589793 0.6283185307179586 -0.6283185307179586
-3.141592653589793 -0.6283185307179586 0.6283185307179586
-3.141592653589793 -0.6283185307179586 -0.6283185307179586
0.0 -1.2566370614359172 3.141592653589793
0.0 -1.2566370614359172 -3.141592653589793
0.0 -3.141592653589793 1.2566370614359172
0.0 -3.141592653589793 -1.2566370614359172
-1.2566370614359172 3.141592653589793 0.0
-1.2566370614359172 2.5132741228718345 1.8849555921538759
-1.2566370614359172 2.5132741228718345 -1.8849555921538759
-1.2566370614359172 1.8849555921538759 2.5132741228718345
-1.2566370614359172 1.8849555921538759 -2.5132741228718345
-1.2566370614359172 0.0 3.141592653589793
-1.2566370614359172 0.0 -3.141592653589793
-1.2566370614359172 -1.8849555921538759 2.5132741228718345
-1.2566370614359172 -1.8849555921538759 -2.5132741228718345
-1.2566370614359172 -2.5132741228718345 1.8849555921538759
-1.2566370614359172 -2.5132741228718345 -1.8849555921538759
-1.2566370614359172 -3.141592653589793 0.0
-1.8849555921538759 2.5132741228718345 1.2566370614359172
-1.8849555921538759 2.5132741228718345 -1.2566370614359172
-1.8849555921538759 1.2566370614359172 2.5132741228718345
-1.8849555921538759 1.2566370614359172 -2.5132741228718345
-1.8849555921538759 -1.2566370614359172 2.5132741228718345
-1.8849555921538759 -1.2566370614359172 -2.5132741228718345
-1.8849555921538759 -2.5132741228718345 1.2566370614359172
-1.8849555921538759 -2.5132741228718345 -1.2566370614359172
-2.5132741228718345 1.8849555921538759 1.2566370614359172
-2.5132741228718345 1.8849555921538759 -1.2566370614359172
-2.5132741228718345 1.2566370614359172 1.8849555921538759
-2.5132741228718345 1.2566370614359172 -1.8849555921538759
-2.5132741228718345 -1.2566370614359172 1.8849555921538759
-2.5132741228718345 -1.2566370614359172 -1.8849555921538759
-2.5132741228718345 -1.8849555921538759 1.2566370614359172
-2.5132741228718345 -1.8849555921538759 -1.2566370614359172
-3.141592653589793 1.2566370614359172 0.0
-3.141592653589793 0.0 1.2566370614359172
-3.141592653589793 0.0 -1.2566370614359172
-3.141592653589793 -1.2566370614359172 0.0
-0.6283185307179586 3.141592653589793 1.2566370614359172
-0.6283185307179586 3.141592653589793 -1.2566370614359172
-0.6283185307179586 1.2566370614359172 3.141592653589793
-0.6283185307179586 1.2566370614359172 -3.141592653589793
-0.6283185307179586 -1.2566370614359172 3.141592653589793
-0.6283185307179586 -1.2566370614359172 -3.141592653589793
-0.6283185307179586 -3.141592653589793 1.2566370614359172
-0.6283185307179586 -3.141592653589793 -1.2566370614359172
-1.2566370614359172 3.141592653589793 0.6283185307179586
-1.2566370614359172 3.141592653589793 -0.6283185307179586
-1.2566370614359172 0.6283185307179586 3.141592653589793
-1.2566370614359172 0.6283185307179586 -3.141592653589793
-1.2566370614359172 -0.6283185307179586 3.141592653589793
-1.2566370614359172 -0.6283185307179586 -3.141592653589793
-1.2566370614359172 -3.141592653589793 0.6283185307179586
-1.2566370614359172 -3.141592653589793 -0.6283185307179586
-3.141592653589793 1.2566370614359172 0.6283185307179586
-3.141592653589793 1.2566370614359172 -0.6283185307179586
-3.141592653589793 0.6283185307179586 1.2566370614359172
-3.141592653589793 0.6283185307179586 -1.2566370614359172
-3.141592653589793 -0.6283185307179586 1.2566370614359172
-3.141592653589793 -0.6283185307179586 -1.2566370614359172
-3.141592653589793 -1.2566370614359172 0.6283185307179586
-3.141592653589793 -1.2566370614359172 -0.6283185307179586
0.0 -2.5132741228718345 2.5132741228718345
0.0 -2.5132741228718345 -2.5132741228718345
-2.5132741228718345 2.5132741228718345 0.0
-2.5132741228718345 0.0 2.5132741228718345
-2.5132741228718345 0.0 -2.5132741228718345
-2.5132741228718345 -2.5132741228718345 0.0
-0.6283185307179586 2.5132741228718345 2.5132741228718345
-0.6283185307179586 2.5132741228718345 -2.5132741228718345
-0.6283185307179586 -2.5132741228718345 2.5132741228718345
-0.6283185307179586 -2.5132741228718345 -2.5132741228718345
-1.2566370614359172 3.141592653589793 1.2566370614359172
-1.2566370614359172 3.141592653589793 -1.2566370614359172
-1.2566370614359172 1.2566370614359172 3.141592653589793
-1.2566370614359172 1.2566370614359172 -3.141592653589793
-1.2566370614359172 -1.2566370614359172 3.141592653589793
-1.2566370614359172 -1.2566370614359172 -3.141592653589793
-1.2566370614359172 -3.141592653589793 1.2566370614359172
-1.2566370614359172 -3.141592653589793 -1.2566370614359172
-2.5132741228718345 2.5132741228718345 0.6283185307179586
-2.5132741228718345 2.5132741228718345 -0.6283185307179586
-2.5132741228718345 0.6283185307179586 2.5132741228718345
-2.5132741228718345 0.6283185307179586 -2.5132741228718345
-2.5132741228718345 -0.6283185307179586 2.5132741228718345
-2.5132741228718345 -0.6283185307179586 -2.5132741228718345
-2.5132741228718345 -2.5132741228718345 0.6283185307179586
-2.5132741228718345 -2.5132741228718345 -0.6283185307179586
-3.141592653589793 1.2566370614359172 1.2566370614359172
-3.141592653589793 1.2566370614359172 -1.2566370614359172
-3.141592653589793 -1.2566370614359172 1.2566370614359172
-3.141592653589793 -1.2566370614359172 -1.2566370614359172
0.0 -1.8849555921538759 3.141592653589793
0.0 -1.8849555921538759 -3.141592653589793
0.0 -3.141592653589793 1.8849555921538759
0.0 -3.141592653589793 -1.8849555921538759
-1.8849555921538759 3.141592653589793 0.0
-1.8849555921538759 2.5132741228718345 1.8849555921538759
-1.8849555921538759 2.5132741228718345 -1.8849555921538759
-1.8849555921538759 1.8849555921538759 2.5132741228718345
-1.8849555921538759 1.8849555921538759 -2.5132741228718345
-1.8849555921538759 0.0 3.141592653589793
-1.8849555921538759 0.0 -3.141592653589793
-1.8849555921538759 -1.8849555921538759 2.5132741228718345
-1.8849555921538759 -1.8849555921538759 -2.5132741228718345
-1.8849555921538759 -2.5132741228718345 1.8849555921538759
-1.8849555921538759 -2.5132741228718345 -1.8849555921538759
-1.8849555921538759 -3.141592653589793 0.0
-2.5132741228718345 1.8849555921538759 1.8849555921538759
-2.5132741228718345 1.8849555921538759 -1.8849555921538759
-2.5132741228718345 -1.8849555921538759 1.8849555921538759
-2.5132741228718345 -1.8849555921538759 -1.8849555921538759
-3.141592653589793 1.8849555921538759 0.0
-3.141592653589793 0.0 1.8849555921538759
-3.141592653589793 0.0 -1.8849555921538759
-3.141592653589793 -1.8849555921538759 0.0
-0.6283185307179586 3.141592653589793 1.8849555921538759
-0.6283185307179586 3.141592653589793 -1.8849555921538759
-0.6283185307179586 1.8849555921538759 3.141592653589793
-0.6283185307179586 1.8849555921538759 -3.141592653589793
-0.6283185307179586 -1.8849555921538759 3.141592653589793
-0.6283185307179586 -1.8849555921538759 -3.141592653589793
-0.6283185307179586 -3.141592653589793 1.8849555921538759
-0.6283185307179586 -3.141592653589793 -1.8849555921538759
-1.8849555921538759 3.141592653589793 0.6283185307179586
-1.8849555921538759 3.141592653589793 -0.6283185307179586
-1.8849555921538759 0.6283185307179586 3.141592653589793
-1.8849555921538759 0.6283185307179586 -3.141592653589793
-1.8849555921538759 -0.6283185307179586 3.141592653589793
-1.8849555921538759 -0.6283185307179586 -3.141592653589793
-1.8849555921538759 -3.141592653589793 0.6283185307179586
-1.8849555921538759 -3.141592653589793 -0.6283185307179586
-3.141592653589793 1.8849555921538759 0.6283185307179586
-3.141592653589793 1.8849555921538759 -0.6283185307179586
-3.141592653589793 0.6283185307179586 1.8849555921538759
-3.141592653589793 0.6283185307179586 -1.8849555921538759
-3.141592653589793 -0.6283185307179586 1.8849555921538759
-3.141592653589793 -0.6283185307179586 -1.8849555921538759
-3.141592653589793 -1.8849555921538759 0.6283185307179586
-3.141592653589793 -1.8849555921538759 -0.6283185307179586
0.0 0.0 -3.7699111843077517
0.0 -3.7699111843077517 0.0
-1.2566370614359172 2.5132741228718345 2.5132741228718345
-1.2566370614359172 2.5132741228718345 -2.5132741228718345
-1.2566370614359172 -2.5132741228718345 2.5132741228718345
-1.2566370614359172 -2.5132741228718345 -2.5132741228718345
-2.5132741228718345 2.5132741228718345 1.2566370614359172
-2.5132741228718345 2.5132741228718345 -1.2566370614359172
-2.5132741228718345 1.2566370614359172 2.5132741228718345
-2.5132741228718345 1.2566370614359172 -2.5132741228718345
-2.5132741228718345 -1.2566370614359172 2.5132741228718345
-2.5132741228718345 -1.2566370614359172 -2.5132741228718345
-2.5132741228718345 -2.5132741228718345 1.2566370614359172
-2.5132741228718345 -2.5132741228718345 -1.2566370614359172
-3.7699111843077517 0.0 0.0
0.0 -0.6283185307179586 3.7699111843077517
0.0 -0.6283185307179586 -3.7699111843077517
0.0 -3.7699111843077517 0.6283185307179586
0.0 -3.7699111843077517 -0.6283185307179586
-0.6283185307179586 3.7699111843077517 0.0
-0.6283185307179586 0.0 3.7699111843077517
-0.6283185307179586 0.0 -3.7699111843077517
-0.6283185307179586 -3.7699111843077517 0.0
-3.7699111843077517 0.6283185307179586 0.0
-3.7699111843077517 0.0 0.6283185307179586
-3.7699111843077517 0.0 -0.6283185307179586
-3.7699111843077517 -0.6283185307179586 0.0
-0.6283185307179586 3.7699111843077517 0.6283185307179586
-0.6283185307179586 3.7699111843077517 -0.6283185307179586
-0.6283185307179586 0.6283185307179586 3.7699111843077517
-0.6283185307179586 0.6283185307179586 -3.7699111843077517
-0.6283185307179586 -0.6283185307179586 3.7699111843077517
-0.6283185307179586 -0.6283185307179586 -3.7699111843077517
-0.6283185307179586 -3.7699111843077517 0.6283185307179586
-0.6283185307179586 -3.7699111843077517 -0.6283185307179586
-1.2566370614359172 3.141592653589793 1.8849555921538759
-1.2566370614359172 3.141592653589793 -1.8849555921538759
-1.2566370614359172 1.8849555921538759 3.141592653589793
-1.2566370614359172 1.8849555921538759 -3.141592653589793
-1.2566370614359172 -1.8849555921538759 3.141592653589793
-1.2566370614359172 -1.8849555921538759 -3.141592653589793
-1.2566370614359172 -3.141592653589793 1.8849555921538759
-1.2566370614359172 -3.141592653589793 -1.8849555921538759
-1.8849555921538759 3.141592653589793 1.2566370614359172
-1.8849555921538759 3.141592653589793 -1.2566370614359172
-1.8849555921538759 1.2566370614359172 3.141592653589793
-1.8849555921538759 1.2566370614359172 -3.141592653589793
-1.8849555921538759 -1.2566370614359172 3.141592653589793
-1.8849555921538759 -1.2566370614359172 -3.141592653589793
-1.8849555921538759 -3.141592653589793 1.2566370614359172
-1.8849555921538759 -3.141592653589793 -1.2566370614359172
-3.141592653589793 1.8849555921538759 1.2566370614359172
-3.141592653589793 1.8849555921538759 -1.2566370614359172
-3.141592653589793 1.2566370614359172 1.8849555921538759
-3.141592653589793 1.2566370614359172 -1.8849555921538759
-3.141592653589793 -1.2566370614359172 1.8849555921538759
-3.141592653589793 -1.2566370614359172 -1.8849555921538759
-3.141592653589793 -1.8849555921538759 1.2566370614359172
-3.141592653589793 -1.8849555921538759 -1.2566370614359172
-3.7699111843077517 0.6283185307179586 0.6283185307179586
-3.7699111843077517 0.6283185307179586 -0.6283185307179586
-3.7699111843077517 -0.6283185307179586 0.6283185307179586
-3.7699111843077517 -0.6283185307179586 -0.6283185307179586
0.0 -1.2566370614359172 3.7699111843077517
0.0 -1.2566370614359172 -3.7699111843077517
0.0 -3.7699111843077517 1.2566370614359172
0.0 -3.7699111843077517 -1.2566370614359172
-1.2566370614359172 3.7699111843077517 0.0
-1.2566370614359172 0.0 3.7699111843077517
-1.2566370614359172 0.0 -3.7699111843077517
-1.2566370614359172 -3.7699111843077517 0.0
-3.7699111843077517 1.2566370614359172 0.0
-3.7699111843077517 0.0 1.2566370614359172
-3.7699111843077517 0.0 -1.2566370614359172
-3.7699111843077517 -1.2566370614359172 0.0
0.0 -2.5132741228718345 3.141592653589793
0.0 -2.5132741228718345 -3.141592653589793
0.0 -3.141592653589793 2.5132741228718345
0.0 -3.141592653589793 -2.5132741228718345
-0.6283185307179586 3.7699111843077517 1.2566370614359172
-0.6283185307179586 3.7699111843077517 -1.2566370614359172
-0.6283185307179586 1.2566370614359172 3.7699111843077517
-0.6283185307179586 1.2566370614359172 -3.7699111843077517
-0.6283185307179586 -1.2566370614359172 3.7699111843077517
-0.6283185307179586 -1.2566370614359172 -3.7699111843077517
-0.6283185307179586 -3.7699111843077517 1.2566370614359172
-0.6283185307179586 -3.7699111843077517 -1.2566370614359172
-1.2566370614359172 3.7699111843077517 0.6283185307179586
-1.2566370614359172 3.7699111843077517 -0.6283185307179586
-1.2566370614359172 0.6283185307179586 3.7699111843077517
-1.2566370614359172 0.6283185307179586 -3.7699111843077517
-1.2566370614359172 -0.6283185307179586 3.7699111843077517
-1.2566370614359172 -0.6283185307179586 -3.7699111843077517
-1.2566370614359172 -3.7699111843077517 0.6283185307179586
-1.2566370614359172 -3.7699111843077517 -0.6283185307179586
-1.8849555921538759 2.5132741228718345 2.5132741228718345
-1.8849555921538759 2.5132741228718345 -2.5132741228718345
-1.8849555921538759 -2.5132741228718345 2.5132741228718345
-1.8849555921538759 -2.5132741228718345 -2.5132741228718345
-2.5132741228718345 3.141592653589793 0.0
-2.5132741228718345 2.5132741228718345 1.8849555921538759
-2.5132741228718345 2.5132741228718345 -1.8849555921538759
-2.5132741228718345 1.8849555921538759 2.5132741228718345
-2.5132741228718345 1.8849555921538759 -2.5132741228718345
-2.5132741228718345 0.0 3.141592653589793
-2.5132741228718345 0.0 -3.141592653589793
-2.5132741228718345 -1.8849555921538759 2.5132741228718345
-2.5132741228718345 -1.8849555921538759 -2.5132741228718345
-2.5132741228718345 -2.5132741228718345 1.8849555921538759
-2.5132741228718345 -2.5132741228718345 -1.8849555921538759
-2.5132741228718345 -3.141592653589793 0.0
-3.141592653589793 2.5132741228718345 0.0
-3.141592653589793 0.0 2.5132741228718345
-3.141592653589793 0.0 -2.5132741228718345
-3.141592653589793 -2.5132741228718345 0.0
-3.7699111843077517 1.2566370614359172 0.6283185307179586
-3.7699111843077517 1.2566370614359172 -0.6283185307179586
-3.7699111843077517 0.6283185307179586 1.2566370614359172
-3.7699111843077517 0.6283185307179586 -1.2566370614359172
-3.7699111843077517 -0.6283185307179586 1.2566370614359172
-3.7699111843077517 -0.6283185307179586 -1.2566370614359172
-3.7699111843077517 -1.2566370614359172 0.6283185307179586
-3.7699111843077517 -1.2566370614359172 -0.6283185307179586
-0.6283185307179586 3.141592653589793 2.5132741228718345
-0.6283185307179586 3.141592653589793 -2.5132741228718345
-0.6283185307179586 2.5132741228718345 3.141592653589793
-0.6283185307179586 2.5132741228718345 -3.141592653589793
-0.6283185307179586 -2.5132741228718345 3.141592653589793
-0.6283185307179586 -2.5132741228718345 -3.141592653589793
-0.6283185307179586 -3.141592653589793 2.5132741228718345
-0.6283185307179586 -3.141592653589793 -2.5132741228718345
-2.5132741228718345 3.141592653589793 0.6283185307179586
-2.5132741228718345 3.141592653589793 -0.6283185307179586
-2.5132741228718345 0.6283185307179586 3.141592653589793
-2.5132741228718345 0.6283185307179586 -3.141592653589793
-2.5132741228718345 -0.6283185307179586 3.141592653589793
-2.5132741228718345 -0.6283185307179586 -3.141592653589793
-2.5132741228718345 -3.141592653589793 0.6283185307179586
-2.5132741228718345 -3.141592653589793 -0.6283185307179586
-3.141592653589793 2.5132741228718345 0.6283185307179586
-3.141592653589793 2.5132741228718345 -0.6283185307179586
-3.141592653589793 0.6283185307179586 2.5132741228718345
-3.141592653589793 0.6283185307179586 -2.5132741228718345
-3.141592653589793 -0.6283185307179586 2.5132741228718345
-3.141592653589793 -0.6283185307179586 -2.5132741228718345
-3.141592653589793 -2.5132741228718345 0.6283185307179586
-3.141592653589793 -2.5132741228718345 -0.6283185307179586
-1.8849555921538759 3.141592653589793 1.8849555921538759
-1.8849555921538759 3.141592653589793 -1.8849555921538759
-1.8849555921538759 1.8849555921538759 3.141592653589793
-1.8849555921538759 1.8849555921538759 -3.141592653589793
-1.8849555921538759 -1.8849555921538759 3.141592653589793
-1.8849555921538759 -1.8849555921538759 -3.141592653589793
-1.8849555921538759 -3.141592653589793 1.8849555921538759
-1.8849555921538759 -3.141592653589793 -1.8849555921538759
-3.141592653589793 1.8849555921538759 1.8849555921538759
-3.141592653589793 1.8849555921538759 -1.8849555921538759
-3.141592653589793 -1.8849555921538759 1.8849555921538759
-3.141592653589793 -1.8849555921538759 -1.8849555921538759
-1.2566370614359172 3.7699111843077517 1.2566370614359172
-1.2566370614359172 3.7699111843077517 -1.2566370614359172
-1.2566370614359172 1.2566370614359172 3.7699111843077517
-1.2566370614359172 1.2566370614359172 -3.7699111843077517
-1.2566370614359172 -1.2566370614359172 3.7699111843077517
-1.2566370614359172 -1.2566370614359172 -3.7699111843077517
-1.2566370614359172 -3.7699111843077517 1.2566370614359172
-1.2566370614359172 -3.7699111843077517 -1.2566370614359172
-3.7699111843077517 1.2566370614359172 1.2566370614359172
-3.7699111843077517 1.2566370614359172 -1.2566370614359172
-3.7699111843077517 -1.2566370614359172 1.2566370614359172
-3.7699111843077517 -1.2566370614359172 -1.2566370614359172
0.0 -1.8849555921538759 3.7699111843077517
0.0 -1.8849555921538759 -3.7699111843077517
0.0 -3.7699111843077517 1.8849555921538759
0.0 -3.7699111843077517 -1.8849555921538759
-1.2566370614359172 3.141592653589793 2.5132741228718345
-1.2566370614359172 3.141592653589793 -2.5132741228718345
-1.2566370614359172 2.5132741228718345 3.141592653589793
-1.2566370614359172 2.5132741228718345 -3.141592653589793
-1.2566370614359172 -2.5132741228718345 3.141592653589793
-1.2566370614359172 -2.5132741228718345 -3.141592653589793
-1.2566370614359172 -3.141592653589793 2.5132741228718345
-1.2566370614359172 -3.141592653589793 -2.5132741228718345
-1.8849555921538759 3.7699111843077517 0.0
-1.8849555921538759 0.0 3.7699111843077517
-1.8849555921538759 0.0 -3.7699111843077517
-1.8849555921538759 -3.7699111843077517 0.0
-2.5132741228718345 3.141592653589793 1.2566370614359172
-2.5132741228718345 3.141592653589793 -1.2566370614359172
-2.5132741228718345 1.2566370614359172 3.141592653589793
-2.5132741228718345 1.2566370614359172 -3.141592653589793
-2.5132741228718345 -1.2566370614359172 3.141592653589793
-2.5132741228718345 -1.2566370614359172 -3.141592653589793
-2.5132741228718345 -3.141592653589793 1.2566370614359172
-2.5132741228718345 -3.141592653589793 -1.2566370614359172
-3.141592653589793 2.5132741228718345 1.2566370614359172
-3.141592653589793 2.5132741228718345 -1.2566370614359172
-3.141592653589793 1.2566370614359172 2.5132741228718345
-3.141592653589793 1.2566370614359172 -2.5132741228718345
-3.141592653589793 -1.2566370614359172 2.5132741228718345
-3.141592653589793 -1.2566370614359172 -2.5132741228718345
-3.141592653589793 -2.5132741228718345 1.2566370614359172
-3.141592653589793 -2.5132741228718345 -1.2566370614359172
-3.7699111843077517 1.8849555921538759 0.0
-3.7699111843077517 0.0 1.8849555921538759
-3.7699111843077517 0.0 -1.8849555921538759
-3.7699111843077517 -1.8849555921538759 0.0
-0.6283185307179586 3.7699111843077517 1.8849555921538759
-0.6283185307179586 3.7699111843077517 -1.8849555921538759
-0.6283185307179586 1.8849555921538759 3.7699111843077517
-0.6283185307179586 1.8849555921538759 -3.7699111843077517
-0.6283185307179586 -1.8849555921538759 3.7699111843077517
-0.6283185307179586 -1.8849555921538759 -3.7699111843077517
-0.6283185307179586 -3.7699111843077517 1.8849555921538759
-0.6283185307179586 -3.7699111843077517 -1.8849555921538759
-1.8849555921538759 3.7699111843077517 0.6283185307179586
-1.8849555921538759 3.7699111843077517 -0.6283185307179586
-1.8849555921538759 0.6283185307179586 3.7699111843077517
-1.8849555921538759 0.6283185307179586 -3.7699111843077517
-1.8849555921538759 -0.6283185307179586 3.7699111843077517
-1.8849555921538759 -0.6283185307179586 -3.7699111843077517
-1.8849555921538759 -3.7699111843077517 0.6283185307179586
-1.8849555921538759 -3.7699111843077517 -0.6283185307179586
-3.7699111843077517 1.8849555921538759 0.6283185307179586
-3.7699111843077517 1.8849555921538759 -0.6283185307179586
-3.7699111843077517 0.6283185307179586 1.8849555921538759
-3.7699111843077517 0.6283185307179586 -1.8849555921538759
-3.7699111843077517 -0.6283185307179586 1.8849555921538759
-3.7699111843077517 -0.6283185307179586 -1.8849555921538759
-3.7699111843077517 -1.8849555921538759 0.6283185307179586
-3.7699111843077517 -1.8849555921538759 -0.6283185307179586
-2.5132741228718345 2.5132741228718345 2.5132741228718345
-2.5132741228718345 2.5132741228718345 -2.5132741228718345
-2.5132741228718345 -2.5132741228718345 2.5132741228718345
-2.5132741228718345 -2.5132741228718345 -2.5132741228718345
0.0 0.0 -4.39822971502571
0.0 -4.39822971502571 0.0
-1.2566370614359172 3.7699111843077517 1.8849555921538759
-1.2566370614359172 3.7699111843077517 -1.8849555921538759
-1.2566370614359172 1.8849555921538759 3.7699111843077517
-1.2566370614359172 1.8849555921538759 -3.7699111843077517
-1.2566370614359172 -1.8849555921538759 3.7699111843077517
-1.2566370614359172 -1.8849555921538759 -3.7699111843077517
-1.2566370614359172 -3.7699111843077517 1.8849555921538759
-1.2566370614359172 -3.7699111843077517 -1.8849555921538759
-1.8849555921538759 3.7699111843077517 1.2566370614359172
-1.8849555921538759 3.7699111843077517 -1.2566370614359172
-1.8849555921538759 1.2566370614359172 3.7699111843077517
-1.8849555921538759 1.2566370614359172 -3.7699111843077517
-1.8849555921538759 -1.2566370614359172 3.7699111843077517
-1.8849555921538759 -1.2566370614359172 -3.7699111843077517
-1.8849555921538759 -3.7699111843077517 1.2566370614359172
-1.8849555921538759 -3.7699111843077517 -1.2566370614359172
-3.7699111843077517 1.8849555921538759 1.2566370614359172
-3.7699111843077517 1.8849555921538759 -1.2566370614359172
-3.7699111843077517 1.2566370614359172 1.8849555921538759
-3.7699111843077517 1.2566370614359172 -1.8849555921538759
-3.7699111843077517 -1.2566370614359172 1.8849555921538759
-3.7699111843077517 -1.2566370614359172 -1.8849555921538759
-3.7699111843077517 -1.8849555921538759 1.2566370614359172
-3.7699111843077517 -1.8849555921538759 -1.2566370614359172
-4.39822971502571 0.0 0.0
0.0 -0.6283185307179586 4.39822971502571
0.0 -0.6283185307179586 -4.39822971502571
0.0 -3.141592653589793 3.141592653589793
0.0 -3.141592653589793 -3.141592653589793
0.0 -4.39822971502571 0.6283185307179586
0.0 -4.39822971502571 -0.6283185307179586
-0.6283185307179586 4.39822971502571 0.0
-0.6283185307179586 0.0 4.39822971502571
-0.6283185307179586 0.0 -4.39822971502571
-0.6283185307179586 -4.39822971502571 0.0
-1.8849555921538759 3.141592653589793 2.5132741228718345
-1.8849555921538759 3.141592653589793 -2.5132741228718345
-1.8849555921538759 2.5132741228718345 3.141592653589793
-1.8849555921538759 2.5132741228718345 -3.141592653589793
-1.8849555921538759 -2.5132741228718345 3.141592653589793
-1.8849555921538759 -2.5132741228718345 -3.141592653589793
-1.8849555921538759 -3.141592653589793 2.5132741228718345
-1.8849555921538759 -3.141592653589793 -2.5132741228718345
-2.5132741228718345 3.141592653589793 1.8849555921538759
-2.5132741228718345 3.141592653589793 -1.8849555921538759
-2.5132741228718345 1.8849555921538759 3.141592653589793
-2.5132741228718345 1.8849555921538759 -3.141592653589793
-2.5132741228718345 -1.8849555921538759 3.141592653589793
-2.5132741228718345 -1.8849555921538759 -3.141592653589793
-2.5132741228718345 -3.141592653589793 1.8849555921538759
-2.5132741228718345 -3.141592653589793 -1.8849555921538759
-3.141592653589793 3.141592653589793 0.0
-3.141592653589793 2.5132741228718345 1.8849555921538759
-3.141592653589793 2.5132741228718345 -1.8849555921538759
-3.141592653589793 1.8849555921538759 2.5132741228718345
-3.141592653589793 1.8849555921538759 -2.5132741228718345
-3.141592653589793 0.0 3.141592653589793
-3.141592653589793 0.0 -3.141592653589793
-3.141592653589793 -1.8849555921538759 2.5132741228718345
-3.141592653589793 -1.8849555921538759 -2.5132741228718345
-3.141592653589793 -2.5132741228718345 1.8849555921538759
-3.141592653589793 -2.5132741228718345 -1.8849555921538759
-3.141592653589793 -3.141592653589793 0.0
-4.39822971502571 0.6283185307179586 0.0
-4.39822971502571 0.0 0.6283185307179586
-4.39822971502571 0.0 -0.6283185307179586
-4.39822971502571 -0.6283185307179586 0.0
