    1.134281098259901       -0.1744540218023275       -6.0227279558036630E-020 
   7.6561869526988069E-020  -2.4471579314622729E-021   3.6469242576699069E-020 
  -4.6895488344516803E-020   1.5688864807601484E-021   6.7078161930402783E-003 
   4.4145384198906642E-021  -5.8968011945876133E-021   1.4640723162070276E-022 
  -2.8017861440153294E-021   3.6133140696702415E-021  -1.0949531577617005E-022 
    2.509602494959055       -1.7273992111777652E-016   9.1204272241158174E-016 
  -0.1091278258592568        3.7557064777572038E-018  -1.9829678514681965E-017 
   8.7079946607798458E-012   5.5194454181470898E-025   3.7557169486807210E-018 
   1.0830422227638640E-011   3.4271615907988467E-025   8.7079946607787698E-012 
  -1.9829680033404832E-017   3.4372590103856756E-025   1.0830422227637304E-011 
   1.1863315419536431E-003  -8.1657703533276863E-020   4.3113788287409212E-019 
   5.9101432759032061E-012   3.7559932229500263E-025   5.9101432759024686E-012 
    1.134281098259901       -0.1744540218023275        5.8881232970639624E-020 
  -7.5888141947313579E-020   2.7560113817059702E-021  -3.7610781262720742E-020 
   4.7753686130783243E-020  -1.3916113429641063E-021   6.7078161930402783E-003 
  -4.3797416223245819E-021   5.8475318377328168E-021  -2.1108376656510566E-022 
   2.8929261366206919E-021  -3.6776640417031512E-021   1.0678000526616821E-022 
    2.509602494959054       -1.7273975862417742E-016   9.1204275180598031E-016 
  -0.1091278258592568        3.7557330535586150E-018  -1.9829693197564171E-017 
   8.7079946607798458E-012   5.5239410028682858E-025   3.7557172940863249E-018 
   1.0830422227638634E-011   3.4327371584490598E-025   8.7079946607787650E-012 
  -1.9829680949388120E-017   3.4364290274854942E-025   1.0830422227637301E-011 
   1.1863315419536431E-003  -8.1657702439129195E-020   4.3113768082605292E-019 
   5.9101432759031964E-012   3.7500527976829523E-025   5.9101432759024686E-012
